"","pair","study","cond","trial","down.time","down.HR1","down.HR2","down.Resp1","down.Resp2"
"1",1,1,"SelfPa",3,28.213792,-0.652473885538754,0.565382648347373,-1.05545404135864,-0.731210039266408
"2",1,1,"SelfPa",3,28.215458,-0.652473885538754,0.565382648347373,-1.05534877076309,-0.797528156885845
"3",1,1,"SelfPa",3,28.217123,-1.46147047213217,0.565382648347373,-1.05205052524945,-0.835468078204895
"4",1,1,"SelfPa",3,28.218793,-1.67652019768232,1.0119597785916,-1.04417632877682,-0.831063334696879
"5",1,1,"SelfPa",3,28.22046,-1.67652019768232,1.04557311097558,-1.01819944158379,-0.728324193584388
"6",1,1,"SelfPa",3,28.222125,-1.67652019768232,1.04557311097558,-0.89458133195563,-0.419891195278089
"7",1,1,"SelfPa",3,28.223792,-1.67652019768232,1.04557311097558,-0.535838151782361,0.142337964860485
"8",1,1,"SelfPa",3,28.225459,-1.67652019768232,1.04557311097558,0.0273600134664623,0.78539565476781
"9",1,1,"SelfPa",3,28.227125,-1.67652019768232,1.25343770817595,0.628184823381834,1.28727249304739
"10",1,1,"SelfPa",3,28.228791,-1.67652019768232,1.3468261503964,1.11818921640987,1.59629923979669
"11",1,1,"SelfPa",3,28.230457,-1.67652019768232,1.3468261503964,1.43314251162104,1.69794668611805
"12",1,1,"SelfPa",3,28.232124,-1.67652019768232,1.3468261503964,1.60791862390116,1.64629457635233
"13",1,1,"SelfPa",3,28.233792,-1.64216075569783,1.3468261503964,1.68437552588673,1.48949824958968
"14",1,1,"SelfPa",3,28.235457,-1.63302723314499,1.46999265785306,1.6869045305008,1.26583882011191
"15",1,1,"SelfPa",3,28.237125,-1.63302723314499,1.58832910619378,1.64574733982102,1.03333528430366
"16",1,1,"SelfPa",3,28.238793,-1.63302723314499,1.58832910619378,1.58710595550682,0.840120897118672
"17",1,1,"SelfPa",3,28.240459,-1.63302723314499,1.58832910619378,1.52580094822346,0.695492605428681
"18",1,1,"SelfPa",3,28.242125,-1.63302723314499,1.58832910619378,1.46917567738111,0.614572243848324
"19",1,1,"SelfPa",3,28.243792,-1.63302723314499,1.63911980555034,1.40449888751112,0.574021949827553
"20",1,1,"SelfPa",3,28.245459,-1.63302723314499,1.72941438218422,1.31085730575451,0.528971573183693
"21",1,1,"SelfPa",3,28.247123,-1.63302723314499,1.72941438218422,1.1754705241756,0.459117690415144
"22",1,1,"SelfPa",3,28.248791,-1.63302723314499,1.72941438218422,1.0113840674279,0.369002804669064
"23",1,1,"SelfPa",3,28.250458,-0.992276183609195,1.72941438218422,0.850438673694512,0.29669394836827
"24",1,1,"SelfPa",3,28.252124,-0.821949955251579,1.72941438218422,0.724410981742524,0.257669581364291
"25",1,1,"SelfPa",3,28.253792,-0.821949955251579,1.72941438218422,0.636123377967713,0.236903484787986
"26",1,1,"SelfPa",3,28.255459,-0.821949955251579,1.72941438218422,0.576052835372649,0.23413773722323
"27",1,1,"SelfPa",3,28.257126,-0.821949955251579,1.72941438218422,0.535894407492529,0.220457310348206
"28",1,1,"SelfPa",3,28.258793,-0.821949955251579,1.72941438218422,0.509698346287194,0.206617926303952
"29",1,1,"SelfPa",3,28.260459,-0.821949955251579,1.36247566706314,0.495951560608115,0.171659197536905
"30",1,1,"SelfPa",3,28.262125,-0.821949955251579,-0.0782368133294117,0.494717862430021,0.142157797313478
"31",1,1,"SelfPa",3,28.263792,-0.821949955251579,-0.0782368133294117,0.506688835587138,0.135566610408452
"32",1,1,"SelfPa",3,28.265458,-0.821949955251579,-0.0782368133294117,0.523327568463281,0.127587245940217
"33",1,1,"SelfPa",3,28.267123,-0.73306501861187,-0.0782368133294117,0.529803429946739,0.10270604347165
"34",1,1,"SelfPa",3,28.268792,-0.709437377226631,-0.0782368133294117,0.447738643473314,0.0815513540608003
"35",1,1,"SelfPa",3,28.270458,-0.709437377226631,0.113848450956035,0.302701977457726,0.0695946762110088
"36",1,1,"SelfPa",3,28.272125,-0.709437377226631,1.55344882177486,0.15186723660918,0.0655608443390207
"37",1,1,"SelfPa",3,28.273792,-0.709437377226631,1.55344882177486,-0.0165964724891186,0.0544236453629429
"38",1,1,"SelfPa",3,28.27546,-0.709437377226631,1.55344882177486,-0.18975611055655,0.0176245745577109
"39",1,1,"SelfPa",3,28.277126,-0.709437377226631,1.55344882177486,-0.313955781060105,0.0774080069795346
"40",1,1,"SelfPa",3,28.278792,-0.709437377226631,1.65317515244668,-0.366351055744001,0.377826354696486
"41",1,1,"SelfPa",3,28.280458,-0.709437377226631,1.69390844243939,-0.365260436277413,0.808705020911243
"42",1,1,"SelfPa",3,28.282124,-0.709437377226631,1.69390844243939,-0.340517304750739,1.14108669101618
"43",1,1,"SelfPa",3,28.283792,-0.247733206944128,1.69390844243939,-0.312926923153443,1.23596316195022
"44",1,1,"SelfPa",3,28.285457,-0.125001718641186,1.69390844243939,-0.295899857043701,1.14618737418329
"45",1,1,"SelfPa",3,28.287123,-0.125001718641186,1.80108319976606,-0.291837065505513,0.975794777541104
"46",1,1,"SelfPa",3,28.288792,-0.125001718641186,1.87253303798383,-0.297613773866451,0.802650761401486
"47",1,1,"SelfPa",3,28.290459,-0.125001718641186,1.87253303798383,-0.306216605360433,0.637030386908138
"48",1,1,"SelfPa",3,28.292125,-0.125001718641186,1.87253303798383,-0.314950031030924,0.471409885095344
"49",1,1,"SelfPa",3,28.293792,-0.125001718641186,1.87253303798383,-0.339099500402312,0.307735768875992
"50",1,1,"SelfPa",3,28.29546,-0.125001718641186,2.1430272974451,-0.396532682584174,0.17328050515176
"51",1,1,"SelfPa",3,28.297125,-0.125001718641186,2.31596625021541,-0.475542207279564,0.087757531131944
"52",1,1,"SelfPa",3,28.298791,-0.125001718641186,2.31596625021541,-0.554034193864597,0.0344486551008308
"53",1,1,"SelfPa",3,28.300458,0.197748239109378,2.31596625021541,-0.657543971746211,-0.0027354123433595
"54",1,1,"SelfPa",3,28.302124,0.283542531675984,2.31596625021541,-0.863481579189567,-0.015055767769823
"55",1,1,"SelfPa",3,28.303791,0.283542531675984,2.34019162443426,-1.08450413624993,0.00595393141487937
"56",1,1,"SelfPa",3,28.305457,0.283542531675984,2.35381839743236,-1.20949362366142,0.0484646960320218
"57",1,1,"SelfPa",3,28.307125,0.283542531675984,2.35381839743236,-1.23738570846686,0.0908094013698217
"58",1,1,"SelfPa",3,28.308792,0.283542531675984,2.35381839743236,-1.2074205383603,0.120964264128997
"59",1,1,"SelfPa",3,28.310459,0.283542531675984,2.35381839743236,-1.16289669687974,0.138173411221024
"60",1,1,"SelfPa",3,28.312125,0.283542531675984,2.45958543027575,-1.12941098946698,0.145414537061443
"61",1,1,"SelfPa",3,28.313793,0.283542531675984,2.50710395227785,-1.10760672514341,0.141642088293962
"62",1,1,"SelfPa",3,28.31546,0.283542531675984,2.50710395227785,-1.0928025961221,0.12712805053827
"63",1,1,"SelfPa",3,28.317123,0.628839626152723,2.50710395227785,-1.08973228199988,0.108442421051535
"64",1,1,"SelfPa",3,28.318792,0.720627461393376,2.50710395227785,-1.1153407652247,0.0857512081737471
"65",1,1,"SelfPa",3,28.320458,0.720627461393376,2.36566205275165,-1.15973291641916,0.0509019860508517
"66",1,1,"SelfPa",3,28.322124,0.720627461393376,2.31596625021541,-1.18798468134852,0.0137849638687784
"67",1,1,"SelfPa",3,28.323791,0.720627461393376,2.31596625021541,-1.1847185334498,-0.0210218296279035
"68",1,1,"SelfPa",3,28.325459,0.720627461393376,2.31596625021541,-1.16067736238928,-0.057527601573132
"69",1,1,"SelfPa",3,28.327126,0.720627461393376,2.31596625021541,-1.13515666374591,-0.117251011789152
"70",1,1,"SelfPa",3,28.328792,0.720627461393376,2.26017656480492,-1.10829097922378,-0.18946810549382
"71",1,1,"SelfPa",3,28.330459,0.720627461393376,2.24057478344447,-1.09759800853472,-0.253762191177754
"72",1,1,"SelfPa",3,28.332126,0.720627461393376,2.24057478344447,-1.11371502581988,-0.296166800314274
"73",1,1,"SelfPa",3,28.333793,1.14332974089054,2.24057478344447,-1.15937617298746,-0.31040511900433
"74",1,1,"SelfPa",3,28.335457,1.25569363797206,2.24057478344447,-1.23284473720116,-0.305325975972358
"75",1,1,"SelfPa",3,28.337124,1.25569363797206,2.08922250355601,-1.36072022415042,-0.301850294026638
"76",1,1,"SelfPa",3,28.338792,1.25569363797206,2.01799790125557,-1.56927190400885,-0.323577102621737
"77",1,1,"SelfPa",3,28.340458,1.25569363797206,2.01799790125557,-1.8157040828022,-0.378372960966415
"78",1,1,"SelfPa",3,28.342123,1.25569363797206,2.01799790125557,-2.03071783221096,-0.487922384451149
"79",1,1,"SelfPa",3,28.343793,1.25569363797206,2.01799790125557,-2.17293553238256,-0.623447984018513
"80",1,1,"SelfPa",3,28.34546,1.25569363797206,1.87880523262598,-2.25008225522888,-0.733364747250128
"81",1,1,"SelfPa",3,28.347125,1.25569363797206,1.76492032192904,-2.28380527420171,-0.803352824713365
"82",1,1,"SelfPa",3,28.348792,1.25569363797206,1.76492032192904,-2.29791318200204,-0.85401951670078
"83",1,1,"SelfPa",3,28.350459,1.55528456030064,1.76492032192904,-2.32489865290677,-0.913509747141124
"84",1,1,"SelfPa",3,28.352125,1.63492265357786,1.76492032192904,-2.38356073299655,-0.940474882797523
"85",1,1,"SelfPa",3,28.353791,1.63492265357786,1.64972153504771,-2.44720742896216,-0.939259803890009
"86",1,1,"SelfPa",3,28.355457,1.63492265357786,1.38092436565795,-2.49866335496881,-0.921711665767162
"87",1,1,"SelfPa",3,28.357124,1.63492265357786,1.38092436565795,-2.5469736188999,-0.899239471270455
"88",1,1,"SelfPa",3,28.358792,1.63492265357786,1.38092436565795,-2.62057689919875,-0.884559330958383
"89",1,1,"SelfPa",3,28.360457,1.63492265357786,1.38092436565795,-2.71947032145209,-0.883566794865668
"90",1,1,"SelfPa",3,28.362125,1.63492265357786,1.38092436565795,-2.81783341445599,-0.928998643714768
"91",1,1,"SelfPa",3,28.363793,1.63492265357786,0.767484959996201,-0.064787511549554,-1.05252181608352
"92",1,1,"SelfPa",3,28.365459,1.63492265357786,0.659230947232363,-0.064787511549554,-1.25794378839047
"93",1,1,"SelfPa",3,28.367125,1.66602306989986,0.659230947232363,-0.064787511549554,-1.56683916462185
"94",1,1,"SelfPa",3,28.368792,1.67429026917533,0.659230947232363,-0.064787511549554,-1.92492892235691
"95",1,1,"SelfPa",3,28.370459,1.67429026917533,0.659230947232363,-0.064787511549554,-2.20304088750954
"96",1,1,"SelfPa",3,28.372123,1.67429026917533,0.546700580315999,-0.064787511549554,-2.37554195202804
"97",1,1,"SelfPa",3,28.373791,1.67429026917533,0.169968482378608,-0.064787511549554,-2.45851811753259
"98",1,1,"SelfPa",3,28.375458,1.67429026917533,0.169968482378608,-0.064787511549554,-2.50428957363862
"99",1,1,"SelfPa",3,28.377124,1.67429026917533,0.169968482378608,-0.064787511549554,-2.60372964802415
"100",1,1,"SelfPa",3,28.378792,1.67429026917533,0.169968482378608,-0.064787511549554,-2.73122942333196
"101",1,1,"SelfPa",3,28.380459,1.67429026917533,0.169968482378608,-2.73158405713525,-2.56019739371512
"102",1,1,"SelfPa",3,28.382126,1.67429026917533,-0.0958662090430202,-1.93075510905616,-1.96117341165267
"103",1,1,"SelfPa",3,28.383793,1.26614053692208,-0.568461216014801,-0.954809942273483,-1.08249614681484
"104",1,1,"SelfPa",3,28.385459,1.15764503847502,-0.568461216014801,-0.038693620362763,-0.246754114575858
"105",1,1,"SelfPa",3,28.387125,1.15764503847502,-0.568461216014801,0.681456803696312,0.281625377924328
"106",1,1,"SelfPa",3,28.388792,1.15764503847502,-0.568461216014801,1.15385033727824,0.498308073872834
"107",1,1,"SelfPa",3,28.390458,1.15764503847502,-0.568461216014801,1.40756914414508,0.530603461229592
"108",1,1,"SelfPa",3,28.392123,1.15764503847502,-0.0652763560214566,1.50110494749314,0.467633972324583
"109",1,1,"SelfPa",3,28.393792,1.15764503847502,0.140249854398361,1.49766954455934,0.357314462965973
"110",1,1,"SelfPa",3,28.395458,1.15764503847502,0.140249854398361,1.45086480248849,0.217560869280894
"111",1,1,"SelfPa",3,28.397125,1.15764503847502,0.140249854398361,1.3893613648753,0.0887465568076544
"112",1,1,"SelfPa",3,28.398792,1.15764503847502,0.140249854398361,1.32789021650458,-0.00193708470175503
"113",1,1,"SelfPa",3,28.40046,1.03416122123071,0.140249854398361,1.23606727602774,-0.052208102578602
"114",1,1,"SelfPa",3,28.402126,1.00133640905185,-0.220878399711087,1.07426751085493,-0.0715367452627701
"115",1,1,"SelfPa",3,28.403792,1.00133640905185,-0.235925410298981,0.86237065064485,-0.0793287068514464
"116",1,1,"SelfPa",3,28.405458,1.00133640905185,-0.235925410298981,0.671020863042399,-0.0975092638049897
"117",1,1,"SelfPa",3,28.407124,1.00133640905185,-0.235925410298981,0.531166476722256,-0.127540471604596
"118",1,1,"SelfPa",3,28.408792,1.00133640905185,-0.235925410298981,0.445881389241863,-0.151969728008906
"119",1,1,"SelfPa",3,28.410457,1.00133640905185,-0.235925410298981,0.395655999558702,-0.158034589756055
"120",1,1,"SelfPa",3,28.412123,1.00133640905185,-0.938858553777456,0.349796172945476,-0.152616163553012
"121",1,1,"SelfPa",3,28.413792,1.00133640905185,-1.01696223638618,0.246040489008094,-0.165480473945112
"122",1,1,"SelfPa",3,28.415459,1.00133640905185,-1.01696223638618,0.07869933410788,-0.207736813801059
"123",1,1,"SelfPa",3,28.417125,0.100874269579858,-1.01696223638618,-0.0793340873492817,-0.266559508392965
"124",1,1,"SelfPa",3,28.418792,-0.138489083950672,-1.01696223638618,-0.195995695268714,-0.322132455180976
"125",1,1,"SelfPa",3,28.42046,-0.138489083950672,-1.01696223638618,-0.284780285098959,-0.363982599710427
"126",1,1,"SelfPa",3,28.422125,-0.138489083950672,-1.25190582174682,-0.356777784002505,-0.387136659280345
"127",1,1,"SelfPa",3,28.423791,-0.138489083950672,-1.34327277160929,-0.399143790022788,-0.382802485468164
"128",1,1,"SelfPa",3,28.425458,-0.138489083950672,-1.34327277160929,-0.408977378211943,-0.382117205918937
"129",1,1,"SelfPa",3,28.427124,-0.138489083950672,-1.34327277160929,-0.415313610279826,-0.412770137715887
"130",1,1,"SelfPa",3,28.428791,-0.138489083950672,-1.34327277160929,-0.456527407738392,-0.451805122004102
"131",1,1,"SelfPa",3,28.430457,-0.138489083950672,-1.34327277160929,-0.534291362928859,-0.46655925806252
"132",1,1,"SelfPa",3,28.432125,-0.138489083950672,-1.34327277160929,-0.612932368679501,-0.455019393980912
"133",1,1,"SelfPa",3,28.433792,-1.366436744993,-1.34327277160929,-0.676620120848072,-0.437767944887646
"134",1,1,"SelfPa",3,28.435459,-1.69285321185236,-1.34327277160929,-0.718258028404146,-0.481836341378204
"135",1,1,"SelfPa",3,28.437125,-1.69285321185236,-1.34327277160929,-0.738360505928987,-0.554477177343744
"136",1,1,"SelfPa",3,28.438793,-1.69285321185236,-1.34327277160929,-0.743395615664697,-0.462030956820693
"137",1,1,"SelfPa",3,28.44046,-1.69285321185236,-1.34327277160929,-0.718237543418865,-0.23708991823832
"138",1,1,"SelfPa",3,28.442123,-1.69285321185236,-1.11131919305112,-0.633432569187976,-0.0273516419819743
"139",1,1,"SelfPa",3,28.443792,-1.69285321185236,-0.913729107612684,-0.443579871833483,0.102607129110826
"140",1,1,"SelfPa",3,28.445458,-1.69285321185236,-0.913729107612684,-0.147138526304968,0.148614760147747
"141",1,1,"SelfPa",3,28.447124,-1.69285321185236,-0.913729107612684,0.282684084334222,0.127513066113102
"142",1,1,"SelfPa",3,28.448791,-1.69285321185236,-0.913729107612684,0.780934881610008,0.0759633302553018
"143",1,1,"SelfPa",3,28.450459,-2.22982092171993,-0.913729107612684,1.22014369717469,0.0215276725090065
"144",1,1,"SelfPa",3,28.452126,-2.37255917371005,-0.526728754466624,1.54904699908355,-0.0131590089810174
"145",1,1,"SelfPa",3,28.453792,-2.37255917371005,-0.376228617132044,1.72044347204744,-0.0384004361229164
"146",1,1,"SelfPa",3,28.455459,-2.37255917371005,-0.376228617132044,1.60268834150401,-0.076178071447985
"147",1,1,"SelfPa",3,28.457126,-2.37255917371005,-0.376228617132044,1.23651788821565,-0.12263414735703
"148",1,1,"SelfPa",3,28.458793,-2.37255917371005,-0.376228617132044,0.744989864523742,-0.162873724060317
"149",1,1,"SelfPa",3,28.460457,-2.37255917371005,-0.376228617132044,0.200528753842601,-0.197037616863657
"150",1,1,"SelfPa",3,28.462124,-2.37255917371005,-0.122056140985192,-0.25765436078019,-0.218513594578248
"151",1,1,"SelfPa",3,28.463792,-2.37255917371005,-0.122056140985192,-0.563888056248726,-0.213748606488768
"152",1,1,"SelfPa",3,28.465458,-2.37255917371005,-0.122056140985192,-0.730246372598827,-0.187832571482005
"153",1,1,"SelfPa",3,28.467123,-2.147460266524,-0.122056140985192,-0.798226591507723,-0.143742912644186
"154",1,1,"SelfPa",3,28.468793,-2.08762384815809,-0.122056140985192,-0.822498769581867,-0.101288857265151
"155",1,1,"SelfPa",3,28.47046,-2.08762384815809,-0.104788053990353,-0.847414222184443,-0.0943444727941792
"156",1,1,"SelfPa",3,28.472125,-2.08762384815809,-0.0644958510023954,-0.914979155444588,-0.14836672661851
"157",1,1,"SelfPa",3,28.473792,-2.08762384815809,-0.0644958510023954,-0.914256939946218,-0.288215758866723
"158",1,1,"SelfPa",3,28.475459,-2.08762384815809,-0.0644958510023954,-0.677576304005738,-0.388425826530166
"159",1,1,"SelfPa",3,28.477125,-2.08762384815809,-0.0644958510023954,-0.326496961160175,-0.410251643355243
"160",1,1,"SelfPa",3,28.478791,-2.08762384815809,-0.0644958510023954,-0.0177511243021203,-0.377804375475481
"161",1,1,"SelfPa",3,28.480457,-2.08762384815809,0.273702135412819,0.152729464778228,-0.342379337274644
"162",1,1,"SelfPa",3,28.482124,-2.08762384815809,0.380501499543939,0.11666784232673,-0.346981912050697
"163",1,1,"SelfPa",3,28.483792,-1.86515876579316,0.380501499543939,-0.0638657197453823,-0.434006002532314
"164",1,1,"SelfPa",3,28.485457,-1.8060224780759,0.380501499543939,-0.25928529329166,-0.575169121918019
"165",1,1,"SelfPa",3,28.487125,-1.8060224780759,0.380501499543939,-0.402599994127324,-0.702362173109107
"166",1,1,"SelfPa",3,28.488793,-1.8060224780759,0.369577557553726,-0.47869434636638,-0.785235950631149
"167",1,1,"SelfPa",3,28.490459,-1.8060224780759,0.319812932931644,-0.516747237777638,-0.831420106929851
"168",1,1,"SelfPa",3,28.492125,-1.8060224780759,0.319812932931644,-0.545417134024899,-0.859307359451566
"169",1,1,"SelfPa",3,28.493792,-1.8060224780759,0.319812932931644,-0.574589975944453,-0.880748104403467
"170",1,1,"SelfPa",3,28.495459,-1.8060224780759,0.319812932931644,-0.630859471074249,-0.890006218844559
"171",1,1,"SelfPa",3,28.497123,-1.8060224780759,0.319812932931644,-0.708155577178523,-0.892111492160259
"172",1,1,"SelfPa",3,28.498791,-1.8060224780759,0.265662464475004,-0.781305332550674,-0.908260759969954
"173",1,1,"SelfPa",3,28.500458,-1.6256054778298,0.229562152170577,-0.835165484891081,-0.976433366322564
"174",1,1,"SelfPa",3,28.502124,-1.5776465283973,0.229562152170577,-0.868929013928353,-1.10070890401339
"175",1,1,"SelfPa",3,28.503792,-1.5776465283973,0.229562152170577,-0.905701325480985,-1.35180970174312
"176",1,1,"SelfPa",3,28.505459,-1.5776465283973,0.229562152170577,-1.06044244187861,-1.67623342042701
"177",1,1,"SelfPa",3,28.507126,-1.5776465283973,0.235599726065512,-1.20247018261631,-1.78018384401267
"178",1,1,"SelfPa",3,28.508793,-1.5776465283973,0.380501499543939,-1.01923160506572,-1.45295250008377
"179",1,1,"SelfPa",3,28.510459,-1.5776465283973,0.380501499543939,-0.490781905725974,-0.655174716437367
"180",1,1,"SelfPa",3,28.512125,-1.5776465283973,0.380501499543939,0.172732890021576,0.363453649059381
"181",1,1,"SelfPa",3,28.513792,-1.5776465283973,0.380501499543939,0.770881812804468,1.22837559436823
"182",1,1,"SelfPa",3,28.515458,-1.5776465283973,0.380501499543939,1.19973651267983,1.71507080419214
"183",1,1,"SelfPa",3,28.517123,-1.11795098209453,0.582234674550487,1.42835009817961,1.82072383598797
"184",1,1,"SelfPa",3,28.518792,-0.99575343181152,0.722422135148257,1.49148495695453,1.65062228002182
"185",1,1,"SelfPa",3,28.520458,-0.99575343181152,0.722422135148257,1.45347601532226,1.34101300051515
"186",1,1,"SelfPa",3,28.522125,-0.99575343181152,0.722422135148257,1.36072703470164,0.989711892421231
"187",1,1,"SelfPa",3,28.523792,-0.99575343181152,0.722422135148257,1.22946225757441,0.702624357824236
"188",1,1,"SelfPa",3,28.52546,-0.99575343181152,0.79499815295265,1.08979183370394,0.518254655694491
"189",1,1,"SelfPa",3,28.527126,-0.99575343181152,1.01272620636583,0.955093953173533,0.415639164911771
"190",1,1,"SelfPa",3,28.528792,-0.99575343181152,1.01272620636583,0.827531995228548,0.35544602696636
"191",1,1,"SelfPa",3,28.530458,-0.99575343181152,1.01272620636583,0.727583280047782,0.310935970896715
"192",1,1,"SelfPa",3,28.532124,-0.99575343181152,1.01272620636583,0.65127239825664,0.281335785715318
"193",1,1,"SelfPa",3,28.533792,-0.286030757541085,1.01272620636583,0.59656416944188,0.257478914708641
"194",1,1,"SelfPa",3,28.535457,-0.0973702998236265,0.733464951650391,0.56752023537638,0.247104635836603
"195",1,1,"SelfPa",3,28.537123,-0.0973702998236265,0.659230947232363,0.557983123753897,0.249905714547256
"196",1,1,"SelfPa",3,28.538792,-0.0973702998236265,0.659230947232363,0.548336592799371,0.250495607525981
"197",1,1,"SelfPa",3,28.540459,-0.0973702998236265,0.659230947232363,0.494192611310705,0.218546358913667
"198",1,1,"SelfPa",3,28.542125,-0.0973702998236265,0.659230947232363,0.389174293434916,0.153899015453264
"199",1,1,"SelfPa",3,28.543792,-0.0973702998236265,0.580274809242105,0.246248213274178,0.0903784644028758
"200",1,1,"SelfPa",3,28.54546,-0.0973702998236265,0.051876039614994,0.124866818755422,0.0529930817676625
"201",1,1,"SelfPa",3,28.547125,-0.0973702998236265,0.051876039614994,0.0469357260143287,0.0414284725732563
"202",1,1,"SelfPa",3,28.548791,-0.0973702998236265,0.051876039614994,-0.00693250342738443,0.0296765116585596
"203",1,1,"SelfPa",3,28.550458,0.101589891334729,0.051876039614994,-0.0386666008779678,0.0227144251549795
"204",1,1,"SelfPa",3,28.552124,0.154478043414799,0.051876039614994,-0.0499978254536046,0.0260700911623494
"205",1,1,"SelfPa",3,28.553791,0.154478043414799,-0.0709713836254614,-0.048186849275898,0.0318383298545396
"206",1,1,"SelfPa",3,28.555457,0.154478043414799,-0.320388879295474,-0.0523309867097991,0.0374617380486126
"207",1,1,"SelfPa",3,28.557125,0.154478043414799,-0.320388879295474,-0.0621666540578912,0.0344169051036771
"208",1,1,"SelfPa",3,28.558792,0.154478043414799,-0.320388879295474,-0.0720087409289664,0.0188855359207382
"209",1,1,"SelfPa",3,28.560459,0.154478043414799,-0.320388879295474,-0.0863340501867445,0.00494733231077463
"210",1,1,"SelfPa",3,28.562125,0.154478043414799,-0.320388879295474,-0.121012792411121,1.2638976035907e-05
"211",1,1,"SelfPa",3,28.563793,0.154478043414799,-0.335227859487506,-0.17603069134949,9.3903505224198e-05
"212",1,1,"SelfPa",3,28.56546,0.154478043414799,-0.348386955129497,-0.238712446778321,-0.00117426761072024
"213",1,1,"SelfPa",3,28.567123,0.188212284557915,-0.348386955129497,-0.299149285438534,-0.0133674540609422
"214",1,1,"SelfPa",3,28.568792,0.197179614482035,-0.348386955129497,-0.33244648882865,-0.0416854282639961
"215",1,1,"SelfPa",3,28.570458,0.197179614482035,-0.348386955129497,-0.346690116842499,-0.0798303917614504
"216",1,1,"SelfPa",3,28.572124,0.197179614482035,-0.348386955129497,-0.362976762836455,-0.119977870208256
"217",1,1,"SelfPa",3,28.573791,0.197179614482035,-0.305829879861782,-0.381450751101111,-0.148469299792939
"218",1,1,"SelfPa",3,28.575459,0.197179614482035,-0.292390803461451,-0.394479901180306,-0.165031939116012
"219",1,1,"SelfPa",3,28.577126,0.197179614482035,-0.292390803461451,-0.419614776911,-0.202498475165262
"220",1,1,"SelfPa",3,28.578792,0.197179614482035,-0.292390803461451,-0.461822757270741,-0.26532677838062
"221",1,1,"SelfPa",3,28.580459,0.197179614482035,-0.292390803461451,-0.486103874770174,-0.284598787060897
"222",1,1,"SelfPa",3,28.582126,0.197179614482035,-0.278717106313909,-0.483469254630961,-0.0690039175452576
"223",1,1,"SelfPa",3,28.583793,0.0796551584491367,-0.0644958510023954,-0.464062557583728,0.485743803326609
"224",1,1,"SelfPa",3,28.585457,0.0484144802631759,-0.0644958510023954,-0.456509998375317,1.15420219109813
"225",1,1,"SelfPa",3,28.587124,0.0484144802631759,-0.0644958510023954,-0.467989523513244,1.64180529273304
"226",1,1,"SelfPa",3,28.588792,0.0484144802631759,-0.0644958510023954,-0.497846504536638,1.84004664512667
"227",1,1,"SelfPa",3,28.590458,0.0484144802631759,-0.0644958510023954,-0.520121501941051,1.77676529302918
"228",1,1,"SelfPa",3,28.592123,0.0484144802631759,0.242106541454872,-0.518498780670173,1.56211732550468
"229",1,1,"SelfPa",3,28.593793,0.0484144802631759,0.503286357251803,-0.520770688179454,1.28097817851194
"230",1,1,"SelfPa",3,28.59546,0.0484144802631759,0.503286357251803,-0.543077898175314,1.00317686122983
"231",1,1,"SelfPa",3,28.597125,0.0484144802631759,0.503286357251803,-0.58097590661788,0.767593097671015
"232",1,1,"SelfPa",3,28.598792,0.0484144802631759,0.503286357251803,-0.628151860000579,0.612908560664741
"233",1,1,"SelfPa",3,28.600459,0.217657678237887,0.540049864201683,-0.687596872778503,0.540140636744424
"234",1,1,"SelfPa",3,28.602125,0.262646376433697,0.786082564558576,-0.751398595433471,0.511882491105873
"235",1,1,"SelfPa",3,28.603791,0.262646376433697,0.786082564558576,-0.828232706673258,0.481724068032045
"236",1,1,"SelfPa",3,28.605457,0.262646376433697,0.786082564558576,-0.916821251936697,0.421160048544293
"237",1,1,"SelfPa",3,28.607124,0.262646376433697,0.786082564558576,-0.996421468560322,0.358734479881436
"238",1,1,"SelfPa",3,28.608792,0.262646376433697,0.786082564558576,-1.06439280553219,0.303133268176706
"239",1,1,"SelfPa",3,28.610457,0.262646376433697,0.832255927609993,-1.12499278630858,0.281247495467682
"240",1,1,"SelfPa",3,28.612125,0.262646376433697,0.850212235463322,-1.18156354294502,0.290427806153582
"241",1,1,"SelfPa",3,28.613793,0.262646376433697,0.850212235463322,-1.22057560690375,0.299770507003919
"242",1,1,"SelfPa",3,28.615459,0.262646376433697,0.850212235463322,-1.26477778412935,0.257923971402001
"243",1,1,"SelfPa",3,28.617125,0.578332894891281,0.850212235463322,-1.3758256228417,0.177858306226014
"244",1,1,"SelfPa",3,28.618792,0.662249564354691,0.822361188630885,-1.51240293082757,0.100424197878571
"245",1,1,"SelfPa",3,28.620459,0.662249564354691,0.75417414293768,-1.65116152373723,0.0459391296549506
"246",1,1,"SelfPa",3,28.622123,0.662249564354691,0.75417414293768,-1.8428125115255,0.00417723486240335
"247",1,1,"SelfPa",3,28.623791,0.662249564354691,0.75417414293768,-2.13491762258087,-0.0202340810747021
"248",1,1,"SelfPa",3,28.625458,0.662249564354691,0.75417414293768,-2.21312599080796,0.0994174974976349
"249",1,1,"SelfPa",3,28.627124,0.662249564354691,0.75417414293768,-1.77156917626575,0.475585039236024
"250",1,1,"SelfPa",3,28.628792,0.662249564354691,0.623312074972447,-0.92008733793972,0.978850247446918
"251",1,1,"SelfPa",3,28.630459,0.662249564354691,0.596509000810895,0.0210619248627529,1.3384721905282
"252",1,1,"SelfPa",3,28.632126,0.662249564354691,0.596509000810895,0.797364453013428,1.41720719486215
"253",1,1,"SelfPa",3,28.633793,0.763904560733119,0.596509000810895,1.29275262210757,1.2991306325917
"254",1,1,"SelfPa",3,28.635459,0.790926774960297,0.596509000810895,1.52754964544685,1.10894321890591
"255",1,1,"SelfPa",3,28.637125,0.790926774960297,0.631406490751277,1.57616680090205,0.903528376487862
"256",1,1,"SelfPa",3,28.638792,0.790926774960297,0.69082654119031,1.52116701076732,0.721963440702868
"257",1,1,"SelfPa",3,28.640458,0.790926774960297,0.69082654119031,1.42136498647741,0.558366993974566
"258",1,1,"SelfPa",3,28.642123,0.790926774960297,0.69082654119031,1.30442187768447,0.410637432102162
"259",1,1,"SelfPa",3,28.643792,0.790926774960297,0.69082654119031,1.18106719845168,0.310671088579314
"260",1,1,"SelfPa",3,28.645458,0.790926774960297,0.69082654119031,1.04523210421548,0.253370901898386
"261",1,1,"SelfPa",3,28.647125,0.790926774960297,0.813054565658124,0.914254576788309,0.22436045691238
"262",1,1,"SelfPa",3,28.648792,0.790926774960297,0.81814740001095,0.807045764368595,0.211884526384118
"263",1,1,"SelfPa",3,28.65046,1.15809259673959,0.81814740001095,0.736159475312072,0.20960620973881
"264",1,1,"SelfPa",3,28.652126,1.25569363797206,0.81814740001095,0.690556717059504,0.225292971146527
"265",1,1,"SelfPa",3,28.653792,1.25569363797206,0.81814740001095,0.633471061024097,0.252600881999131
"266",1,1,"SelfPa",3,28.655458,1.25569363797206,0.874212373764844,0.542929246544408,0.284320454435396
"267",1,1,"SelfPa",3,28.657124,1.25569363797206,0.91481114786249,0.462996029142749,0.315104085429554
"268",1,1,"SelfPa",3,28.658792,1.25569363797206,0.91481114786249,0.402086062057294,0.331225053599046
"269",1,1,"SelfPa",3,28.660457,1.25569363797206,0.91481114786249,0.334398420094393,0.3205508112728
"270",1,1,"SelfPa",3,28.662123,1.25569363797206,0.91481114786249,0.258371242893599,0.293458402469704
"271",1,1,"SelfPa",3,28.663792,1.25569363797206,0.892321967173016,0.177832003359567,0.256412205779805
"272",1,1,"SelfPa",3,28.665459,1.25569363797206,0.75417414293768,0.0884482899888104,0.22949635432299
"273",1,1,"SelfPa",3,28.667125,0.985394040169178,0.75417414293768,0.00674577540194777,0.217366581058363
"274",1,1,"SelfPa",3,28.668792,0.913542248348156,0.75417414293768,-0.0459388664664515,0.205388699891235
"275",1,1,"SelfPa",3,28.67046,0.913542248348156,0.75417414293768,-0.0775529092558705,0.191588193418138
"276",1,1,"SelfPa",3,28.672125,0.913542248348156,0.75417414293768,-0.0916991425665486,0.178610687937575
"277",1,1,"SelfPa",3,28.673791,0.913542248348156,0.904847586797534,-0.0951217064543776,0.17014737438947
"278",1,1,"SelfPa",3,28.675458,0.913542248348156,0.947345224809287,-0.0987865833813803,0.163828172374938
"279",1,1,"SelfPa",3,28.677124,0.913542248348156,0.947345224809287,-0.108676193885287,0.162609547736635
"280",1,1,"SelfPa",3,28.678791,0.913542248348156,0.947345224809287,-0.137425213148661,0.153959067150881
"281",1,1,"SelfPa",3,28.680457,0.913542248348156,0.947345224809287,-0.192884621966236,0.132108531880643
"282",1,1,"SelfPa",3,28.682125,0.913542248348156,0.900834007881886,-0.26868376238046,0.0947619860743639
"283",1,1,"SelfPa",3,28.683792,-0.217166728642054,0.81814740001095,-0.335055737480012,0.0456565603517848
"284",1,1,"SelfPa",3,28.685459,-0.517734937715402,0.81814740001095,-0.384474097310402,-0.00282362156953014
"285",1,1,"SelfPa",3,28.687125,-0.517734937715402,0.81814740001095,-0.418711243423174,-0.0498097167522672
"286",1,1,"SelfPa",3,28.688793,-0.517734937715402,0.81814740001095,-0.455591728728762,-0.103379824505068
"287",1,1,"SelfPa",3,28.69046,-0.517734937715402,0.81814740001095,-0.530279563482189,-0.175391980201787
"288",1,1,"SelfPa",3,28.692123,-0.517734937715402,0.730080156337272,-0.587572493458933,-0.285969184116422
"289",1,1,"SelfPa",3,28.693792,-0.517734937715402,0.722422135148257,-0.394523985098583,-0.272362913873224
"290",1,1,"SelfPa",3,28.695458,-0.517734937715402,0.722422135148257,0.0892287890070421,0.0140464035841405
"291",1,1,"SelfPa",3,28.697124,-0.517734937715402,0.722422135148257,0.712129763579142,0.50472620078098
"292",1,1,"SelfPa",3,28.698791,-0.517734937715402,0.722422135148257,1.27945654443018,0.945989631202768
"293",1,1,"SelfPa",3,28.700459,-0.616636389962667,0.890798496454451,1.69012732266595,1.1710932451415
"294",1,1,"SelfPa",3,28.702126,-0.642926649420803,1.01272620636583,1.94571737257552,1.17979321428612
"295",1,1,"SelfPa",3,28.703792,-0.642926649420803,1.01272620636583,2.06650558400787,1.03461395348654
"296",1,1,"SelfPa",3,28.705459,-0.642926649420803,1.01272620636583,2.09041945688577,0.837362139391429
"297",1,1,"SelfPa",3,28.707126,-0.642926649420803,1.01272620636583,2.06116300786539,0.672600164168582
"298",1,1,"SelfPa",3,28.708793,-0.642926649420803,0.974986677107547,2.02279131527768,0.564159901387887
"299",1,1,"SelfPa",3,28.710457,-0.642926649420803,0.722422135148257,1.97632642466984,0.489477428679995
"300",1,1,"SelfPa",3,28.712124,-0.642926649420803,0.722422135148257,1.91369104310853,0.420771515897122
"301",1,1,"SelfPa",3,28.713792,-0.642926649420803,0.722422135148257,1.84545659192675,0.342302458734106
"302",1,1,"SelfPa",3,28.715458,-0.642926649420803,0.722422135148257,1.78973628219748,0.262551182490599
"303",1,1,"SelfPa",3,28.717123,-0.179267063740809,0.722422135148257,1.75008135570955,0.185145349083387
"304",1,1,"SelfPa",3,28.718793,-0.0560157814714437,0.567453567476101,1.72387897079501,0.108693208018408
"305",1,1,"SelfPa",3,28.72046,-0.0560157814714437,0.47247283245123,1.70257841865394,0.0490334111572993
"306",1,1,"SelfPa",3,28.722125,-0.0560157814714437,0.47247283245123,1.67162731137976,0.0173773445025892
"307",1,1,"SelfPa",3,28.723792,-0.0560157814714437,0.47247283245123,1.62304761911094,0.00650155549542151
"308",1,1,"SelfPa",3,28.725459,-0.0560157814714437,0.47247283245123,1.53190371086368,0.0109486732295254
"309",1,1,"SelfPa",3,28.727125,-0.0560157814714437,0.47247283245123,1.41911901575725,0.00328713305017731
"310",1,1,"SelfPa",3,28.728791,-0.0560157814714437,2.95654462857237e-06,1.30864142055998,-0.0180440940303123
"311",1,1,"SelfPa",3,28.730457,-0.0560157814714437,-0.0355592921795249,1.18947667774596,-0.0453060228867472
"312",1,1,"SelfPa",3,28.732124,-0.0560157814714437,-0.0355592921795249,1.04522673864404,-0.0781348671422029
"313",1,1,"SelfPa",3,28.733792,-0.129124373475611,-0.0355592921795249,0.885376879623943,-0.111620645008703
"314",1,1,"SelfPa",3,28.735457,-0.148558302995705,-0.0355592921795249,0.744317156003364,-0.135117043416365
"315",1,1,"SelfPa",3,28.737125,-0.148558302995705,-0.0482569670186648,0.642833791574498,-0.150069392701154
"316",1,1,"SelfPa",3,28.738793,-0.148558302995705,-0.0932759959937947,0.583286008940578,-0.158038131551516
"317",1,1,"SelfPa",3,28.740459,-0.148558302995705,-0.0932759959937947,0.553669491750483,-0.154096182650402
"318",1,1,"SelfPa",3,28.742125,-0.148558302995705,-0.0932759959937947,0.518025425734223,-0.142517254648268
"319",1,1,"SelfPa",3,28.743792,-0.148558302995705,-0.0932759959937947,0.447516547140849,-0.122298625896824
"320",1,1,"SelfPa",3,28.745459,-0.148558302995705,-0.0932759959937947,0.372419338448643,-0.103492837873961
"321",1,1,"SelfPa",3,28.747123,-0.148558302995705,-0.078598122048182,0.314228757949912,-0.109381153849324
"322",1,1,"SelfPa",3,28.748791,-0.148558302995705,-0.0644958510023954,0.290152193280583,-0.134117470030708
"323",1,1,"SelfPa",3,28.750458,-0.576687857881824,-0.0644958510023954,0.277441825215083,-0.178828910738345
"324",1,1,"SelfPa",3,28.752124,-0.690494448421174,-0.0644958510023954,0.270300249616885,-0.256912849730206
"325",1,1,"SelfPa",3,28.753792,-0.690494448421174,-0.0644958510023954,0.27038782340803,-0.331298737578972
"326",1,1,"SelfPa",3,28.755459,-0.690494448421174,-0.0644958510023954,0.272432393571306,-0.413208116605573
"327",1,1,"SelfPa",3,28.757126,-0.690494448421174,0.203096931885009,0.27306993843594,-0.575974463703576
"328",1,1,"SelfPa",3,28.758793,-0.690494448421174,0.229562152170577,0.267029646377585,-0.815680437348175
"329",1,1,"SelfPa",3,28.760459,-0.690494448421174,0.229562152170577,0.23242927982187,-1.07878385904293
"330",1,1,"SelfPa",3,28.762125,-0.690494448421174,0.229562152170577,0.0882406615365015,-1.30182096264962
"331",1,1,"SelfPa",3,28.763792,-0.690494448421174,0.229562152170577,-0.116781368627403,-1.44763274645035
"332",1,1,"SelfPa",3,28.765458,-0.690494448421174,0.408765478891467,-0.283861814243476,-1.53001606632251
"333",1,1,"SelfPa",3,28.767123,-0.645386872823261,0.62779176710589,-0.374345326040548,-1.58034671599745
"334",1,1,"SelfPa",3,28.768792,-0.63339625146179,0.62779176710589,-0.410699487112531,-1.61433024344566
"335",1,1,"SelfPa",3,28.770458,-0.63339625146179,0.62779176710589,-0.421819394405488,-1.64702865471729
"336",1,1,"SelfPa",3,28.772125,-0.63339625146179,0.62779176710589,-0.418734564496221,-1.67254925867788
"337",1,1,"SelfPa",3,28.773792,-0.63339625146179,0.662435866639285,-0.429872168593581,-1.6922595819082
"338",1,1,"SelfPa",3,28.77546,-0.63339625146179,1.01272620636583,-0.449746647657363,-1.70327664920098
"339",1,1,"SelfPa",3,28.777126,-0.63339625146179,1.01272620636583,-0.480621257212888,-1.71057448402486
"340",1,1,"SelfPa",3,28.778792,-0.63339625146179,1.01272620636583,-0.542908317373403,-1.76552856571579
"341",1,1,"SelfPa",3,28.780458,-0.63339625146179,1.01272620636583,-0.444860672063794,-1.72464640777522
"342",1,1,"SelfPa",3,28.782124,-0.63339625146179,1.01272620636583,-0.0713861430133675,-1.35801536722159
"343",1,1,"SelfPa",3,28.783792,-0.321381125179088,1.11833682537774,0.397349124792089,-0.580167393953631
"344",1,1,"SelfPa",3,28.785457,-0.238440395407736,1.14473948013072,0.762610209533667,0.310356737611176
"345",1,1,"SelfPa",3,28.787123,-0.238440395407736,1.14473948013072,0.985986326603104,0.917788096419118
"346",1,1,"SelfPa",3,28.788792,-0.238440395407736,1.14473948013072,1.07056028423899,1.1305252884414
"347",1,1,"SelfPa",3,28.790459,-0.238440395407736,1.14473948013072,1.05146067034342,1.05988371499213
"348",1,1,"SelfPa",3,28.792125,-0.238440395407736,1.31545579235578,0.956945554392208,0.854175760063444
"349",1,1,"SelfPa",3,28.793792,-0.238440395407736,1.44959003767547,0.837806393856346,0.596218601896991
"350",1,1,"SelfPa",3,28.79546,-0.238440395407736,1.44959003767547,0.686217406964157,0.327343319850567
"351",1,1,"SelfPa",3,28.797125,-0.238440395407736,1.44959003767547,0.519116553013823,0.133199997820857
"352",1,1,"SelfPa",3,28.798791,-0.238440395407736,1.44959003767547,0.393831992707477,0.029648424989064
"353",1,1,"SelfPa",3,28.800458,0.348077806675185,1.50231088371242,0.320147174885362,-0.00724255540838069
"354",1,1,"SelfPa",3,28.802124,0.503987708494696,1.58832910619378,0.282479521922742,-0.00716490212162321
"355",1,1,"SelfPa",3,28.803791,0.503987708494696,1.58832910619378,0.268860168565569,0.00603527696553248
"356",1,1,"SelfPa",3,28.805457,0.503987708494696,1.58832910619378,0.258534797009008,0.0156782780878808
"357",1,1,"SelfPa",3,28.807125,0.503987708494696,1.58832910619378,0.224979183865373,0.0123756579909609
"358",1,1,"SelfPa",3,28.808792,0.503987708494696,1.55284193610874,0.150738550329439,-0.0244163049169097
"359",1,1,"SelfPa",3,28.810459,0.503987708494696,1.14473948013072,0.0464892338187777,-0.0800069954057112
"360",1,1,"SelfPa",3,28.812125,0.503987708494696,1.14473948013072,-0.0918073163195051,-0.144233937444322
"361",1,1,"SelfPa",3,28.813793,0.503987708494696,1.14473948013072,-0.226206545310527,-0.220453016955515
"362",1,1,"SelfPa",3,28.81546,0.503987708494696,1.14473948013072,-0.299748600606596,-0.29211882903923
"363",1,1,"SelfPa",3,28.817123,0.765973465321854,1.14473948013072,-0.304161112426707,-0.344601223627173
"364",1,1,"SelfPa",3,28.818792,0.835615248782238,0.705454362709851,-0.278014874384825,-0.405405448609049
"365",1,1,"SelfPa",3,28.820458,0.835615248782238,0.229562152170577,-0.239083916787367,-0.476661581443281
"366",1,1,"SelfPa",3,28.822124,0.835615248782238,0.229562152170577,-0.226345187844209,-0.537250405073754
"367",1,1,"SelfPa",3,28.823791,0.835615248782238,0.229562152170577,-0.233545976355894,-0.588492812441006
"368",1,1,"SelfPa",3,28.825459,0.835615248782238,0.229562152170577,-0.249601394964545,-0.626347985307882
"369",1,1,"SelfPa",3,28.827126,0.835615248782238,0.229562152170577,-0.263914631686564,-0.647248374962082
"370",1,1,"SelfPa",3,28.828792,0.835615248782238,-0.292433660851276,-0.28368704991629,-0.657347029227937
"371",1,1,"SelfPa",3,28.830459,0.835615248782238,-1.14411103999219,-0.309570470770963,-0.663365917081063
"372",1,1,"SelfPa",3,28.832126,0.835615248782238,-1.14411103999219,-0.325511583545002,-0.694615953924554
"373",1,1,"SelfPa",3,28.833793,0.716720671756539,-1.14411103999219,-0.334629988966936,-0.775486857687901
"374",1,1,"SelfPa",3,28.835457,0.685115784192746,-1.14411103999219,-0.339792578931441,-0.868162704616673
"375",1,1,"SelfPa",3,28.837124,0.685115784192746,-1.14411103999219,-0.344713430739427,-0.953473711970171
"376",1,1,"SelfPa",3,28.838792,0.685115784192746,-1.18898569900087,-0.351257434980282,-1.01350054757184
"377",1,1,"SelfPa",3,28.840458,0.685115784192746,-1.48930072467434,-0.367298424034287,-1.04001479877667
"378",1,1,"SelfPa",3,28.842123,0.685115784192746,-1.48930072467434,-0.386807459775526,-1.06363406044844
"379",1,1,"SelfPa",3,28.843793,0.685115784192746,-1.48930072467434,-0.407325155879475,-1.10346085593759
"380",1,1,"SelfPa",3,28.84546,0.685115784192746,-1.48930072467434,-0.441457088884964,-1.16904356487008
"381",1,1,"SelfPa",3,28.847125,0.685115784192746,-1.48930072467434,-0.477656213686213,-1.25665786199924
"382",1,1,"SelfPa",3,28.848792,0.685115784192746,-1.48930072467434,-0.506080510481788,-1.33574488144873
"383",1,1,"SelfPa",3,28.850459,0.869629845271676,-1.80482683904491,-0.547806049317272,-1.38997266358026
"384",1,1,"SelfPa",3,28.852125,0.918677886824303,-1.93370370266107,-0.610976225049975,-1.43847338560035
"385",1,1,"SelfPa",3,28.853791,0.918677886824303,-1.93370370266107,-0.7012490040284,-1.46588352586488
"386",1,1,"SelfPa",3,28.855457,0.918677886824303,-1.93370370266107,-0.82443439948198,-1.30933095796632
"387",1,1,"SelfPa",3,28.857124,0.918677886824303,-1.93370370266107,-0.88949940760903,-0.928790372252267
"388",1,1,"SelfPa",3,28.858792,0.918677886824303,-1.93370370266107,-0.836735738538294,-0.450519357655803
"389",1,1,"SelfPa",3,28.860457,0.918677886824303,-1.90446808059242,-0.725813567420987,-0.0930974830040309
"390",1,1,"SelfPa",3,28.862125,0.918677886824303,-1.84234238369653,-0.662315909783741,0.0867367046586215
"391",1,1,"SelfPa",3,28.863793,0.918677886824303,-1.84234238369653,-0.669415432715709,0.084059258915996
"392",1,1,"SelfPa",3,28.865459,0.918677886824303,-1.84234238369653,-0.720445169465916,-0.0420422629992415
"393",1,1,"SelfPa",3,28.867125,0.788729226837276,-1.84234238369653,-0.786571458881382,-0.205105306071522
"394",1,1,"SelfPa",3,28.868792,0.754185912157179,-1.84234238369653,-0.858083852637702,-0.346293079131514
"395",1,1,"SelfPa",3,28.870459,0.754185912157179,-1.84234238369653,-0.927049420417638,-0.491864402799232
"396",1,1,"SelfPa",3,28.872123,0.754185912157179,-1.67967199896254,-1.0010296991804,-0.640939742776358
"397",1,1,"SelfPa",3,28.873791,0.754185912157179,-1.67967199896254,-1.08317371406509,-0.720044610097097
"398",1,1,"SelfPa",3,28.875458,0.754185912157179,-1.67967199896254,-1.15148430845456,-0.731128740013735
"399",1,1,"SelfPa",3,28.877124,0.754185912157179,-1.67967199896254,-1.19752279614124,-0.709977750968927
"400",1,1,"SelfPa",3,28.878792,0.754185912157179,-1.67967199896254,-1.22371891291856,-0.683747155912349
"401",1,1,"SelfPa",3,28.880459,0.754185912157179,-1.67967199896254,-1.23137686728043,-0.665096709186486
"402",1,1,"SelfPa",3,28.882126,0.754185912157179,-1.49345914279793,-1.23871320545712,-0.655118209752921
"403",1,1,"SelfPa",3,28.883793,0.73662708001644,-1.44093756798227,-1.29652369861868,-0.671292316428822
"404",1,1,"SelfPa",3,28.885459,0.731959542358775,-1.44093756798227,-1.42237871673719,-0.761057582979822
"405",1,1,"SelfPa",3,28.887125,0.731959542358775,-1.44093756798227,-1.59577797068601,-0.933781340781553
"406",1,1,"SelfPa",3,28.888792,0.731959542358775,-1.44093756798227,-1.78339088689027,-1.08725482680456
"407",1,1,"SelfPa",3,28.890458,0.731959542358775,-1.44093756798227,-1.93132792213382,-1.18506220292954
"408",1,1,"SelfPa",3,28.892123,0.731959542358775,-1.36757635274387,-2.04925605403096,-1.25134921988099
"409",1,1,"SelfPa",3,28.893792,0.731959542358775,-1.31866887591828,-2.14176274077515,-1.30832096753519
"410",1,1,"SelfPa",3,28.895458,0.731959542358775,-1.31866887591828,-2.22181311926195,-1.36677216713652
"411",1,1,"SelfPa",3,28.897125,0.731959542358775,-1.31866887591828,-2.30058609890747,-1.42371231641944
"412",1,1,"SelfPa",3,28.898792,0.731959542358775,-1.31866887591828,-2.36984364958799,-1.46717026247076
"413",1,1,"SelfPa",3,28.90046,0.446761541527382,-1.31866887591828,-2.44050573440898,-1.4992742076807
"414",1,1,"SelfPa",3,28.902126,0.370949414724099,-1.13533935232307,-2.49602953008394,-1.45452454799067
"415",1,1,"SelfPa",3,28.903792,0.370949414724099,-0.99129472664113,-2.52978932238395,-1.22739001529193
"416",1,1,"SelfPa",3,28.905458,0.370949414724099,-0.99129472664113,-2.55262634423486,-0.933329241008003
"417",1,1,"SelfPa",3,28.907124,0.370949414724099,-0.99129472664113,-2.58350693257,-0.687922226716665
"418",1,1,"SelfPa",3,28.908792,0.370949414724099,-0.99129472664113,-2.59943396071899,-0.541199402842305
"419",1,1,"SelfPa",3,28.910457,0.370949414724099,-0.99129472664113,-2.59251496052213,-0.493821117471986
"420",1,1,"SelfPa",3,28.912123,0.370949414724099,-0.556632889250998,-2.58706756410886,-0.511267203272677
"421",1,1,"SelfPa",3,28.913792,0.370949414724099,-0.403913865303115,-2.61024060487174,-0.565391833505022
"422",1,1,"SelfPa",3,28.915459,0.370949414724099,-0.403913865303115,-2.65419776152375,-0.631964208055477
"423",1,1,"SelfPa",3,28.917125,-0.21624719678244,-0.403913865303115,-2.71070355258759,-0.705219742299914
"424",1,1,"SelfPa",3,28.918792,-0.372337435284178,-0.403913865303115,-2.81863202227786,-0.802268410279573
"425",1,1,"SelfPa",3,28.92046,-0.372337435284178,-0.403913865303115,-0.064787511549554,-0.926042158889943
"426",1,1,"SelfPa",3,28.922125,-0.372337435284178,-0.239285179399063,-0.064787511549554,-1.03344019627101
"427",1,1,"SelfPa",3,28.923791,-0.372337435284178,-0.235925410298981,-0.064787511549554,-1.11607416183176
"428",1,1,"SelfPa",3,28.925458,-0.372337435284178,-0.235925410298981,-0.064787511549554,-1.17268964653076
"429",1,1,"SelfPa",3,28.927124,-0.372337435284178,-0.235925410298981,-0.064787511549554,-1.20080965057184
"430",1,1,"SelfPa",3,28.928791,-0.372337435284178,-0.235925410298981,-0.064787511549554,-1.20775596798347
"431",1,1,"SelfPa",3,28.930457,-0.372337435284178,-0.155774270636254,-0.064787511549554,-1.19876420582064
"432",1,1,"SelfPa",3,28.932125,-0.372337435284178,0.0226266531291698,-0.064787511549554,-1.18487596930547
"433",1,1,"SelfPa",3,28.933792,-1.02754791704496,0.0226266531291698,-0.064787511549554,-1.17472397976679
"434",1,1,"SelfPa",3,28.935459,-1.20171779194339,0.0226266531291698,-0.064787511549554,-1.19369237786949
"435",1,1,"SelfPa",3,28.937125,-1.20171779194339,0.0226266531291698,-0.064787511549554,-1.2462558633692
"436",1,1,"SelfPa",3,28.938793,-1.20171779194339,0.0226266531291698,-0.064787511549554,-1.14572431410795
"437",1,1,"SelfPa",3,28.94046,-1.20171779194339,0.220205476771743,-0.064787511549554,-0.781092443474618
"438",1,1,"SelfPa",3,28.942123,-1.20171779194339,0.289625063456972,-1.83528321848884,-0.0737584091535055
"439",1,1,"SelfPa",3,28.943792,-1.20171779194339,0.289625063456972,-0.58707843930504,0.744036488740515
"440",1,1,"SelfPa",3,28.945458,-1.20171779194339,0.289625063456972,0.412320314713003,1.37366444248619
"441",1,1,"SelfPa",3,28.947124,-1.20171779194339,0.289625063456972,1.04555355943353,1.68789435298107
"442",1,1,"SelfPa",3,28.948791,-1.20171779194339,0.415136214247445,1.35425050252175,1.71619503488864
"443",1,1,"SelfPa",3,28.950459,-1.66645485141384,0.722422135148257,1.42663675623951,1.59053074299326
"444",1,1,"SelfPa",3,28.952126,-1.78999255076674,0.722422135148257,1.37600434963646,1.39904396492758
"445",1,1,"SelfPa",3,28.953792,-1.78999255076674,0.722422135148257,1.28728759595953,1.14911907801438
"446",1,1,"SelfPa",3,28.955459,-1.78999255076674,0.722422135148257,1.19188917280857,0.876792786215718
"447",1,1,"SelfPa",3,28.957126,-1.78999255076674,0.722422135148257,1.09079442905464,0.623872651494039
"448",1,1,"SelfPa",3,28.958793,-1.78999255076674,1.14051630668089,0.977486111663079,0.423653808209186
"449",1,1,"SelfPa",3,28.960457,-1.78999255076674,1.14473948013072,0.860865416225942,0.283515116122188
"450",1,1,"SelfPa",3,28.962124,-1.78999255076674,1.14473948013072,0.736560264336533,0.179320660479649
"451",1,1,"SelfPa",3,28.963792,-1.78999255076674,1.14473948013072,0.592479244921466,0.110731329864426
"452",1,1,"SelfPa",3,28.965458,-1.78999255076674,1.14473948013072,0.436799872123638,0.0792129970377313
"453",1,1,"SelfPa",3,28.967123,-1.05357247035505,1.16783554648632,0.309164329198786,0.074324357461031
"454",1,1,"SelfPa",3,28.968793,-0.857815233789914,1.17821204006637,0.21291766669006,0.0825085856289566
"455",1,1,"SelfPa",3,28.97046,-0.857815233789914,1.17821204006637,0.133086203518374,0.0880648409181094
"456",1,1,"SelfPa",3,28.972125,-0.857815233789914,1.17821204006637,0.0818112697343405,0.0718871044805851
"457",1,1,"SelfPa",3,28.973792,-0.857815233789914,1.17821204006637,0.058096497882694,0.0552749147445427
"458",1,1,"SelfPa",3,28.975459,-0.857815233789914,1.15422441487136,0.0508701270928519,0.0462570717721959
"459",1,1,"SelfPa",3,28.977125,-0.857815233789914,1.11157974785802,0.0474723789729731,0.0502131901700526
"460",1,1,"SelfPa",3,28.978791,-0.857815233789914,1.11157974785802,0.0195092242992795,0.0556811355349285
"461",1,1,"SelfPa",3,28.980457,-0.857815233789914,1.11157974785802,-0.0513424759841551,0.0491075967253636
"462",1,1,"SelfPa",3,28.982124,-0.857815233789914,1.11157974785802,-0.186293783951736,0.0379103145458936
"463",1,1,"SelfPa",3,28.983792,-1.18476866953781,1.11157974785802,-0.344420997514096,0.0179918460150713
"464",1,1,"SelfPa",3,28.985457,-1.27168034233155,0.728694329790403,-0.459419259121681,-0.000340603035970643
"465",1,1,"SelfPa",3,28.987125,-1.27168034233155,0.69082654119031,-0.523601142095166,-0.0108560664402098
"466",1,1,"SelfPa",3,28.988793,-1.27168034233155,0.69082654119031,-0.553844099333272,-0.0184466665398834
"467",1,1,"SelfPa",3,28.990459,-1.27168034233155,0.69082654119031,-0.562043123668852,-0.0258362755343931
"468",1,1,"SelfPa",3,28.992125,-1.27168034233155,0.69082654119031,-0.551914227841089,-0.0377646954121634
"469",1,1,"SelfPa",3,28.993792,-1.27168034233155,0.638140106196277,-0.543124636135183,-0.0499050327183498
"470",1,1,"SelfPa",3,28.995459,-1.27168034233155,0.565382648347373,-0.575303414900954,-0.0839454256603539
"471",1,1,"SelfPa",3,28.997123,-1.27168034233155,0.565382648347373,-0.569244841574163,-0.204603713757478
"472",1,1,"SelfPa",3,28.998791,-1.27168034233155,0.565382648347373,-0.353321723618632,-0.237718644805121
"473",1,1,"SelfPa",3,29.000458,-1.36703012171399,0.565382648347373,-0.0197193308860283,0.0578004897330383
"474",1,1,"SelfPa",3,29.002124,-1.39237626560046,0.605643568569035,0.296313114882758,0.698636377156625
"475",1,1,"SelfPa",3,29.003792,-1.39237626560046,1.01272620636583,0.519706861686954,1.4483714878469
"476",1,1,"SelfPa",3,29.005459,-1.39237626560046,1.01272620636583,0.63211405051646,2.05867855382004
"477",1,1,"SelfPa",3,29.007126,-1.39237626560046,1.01272620636583,0.633538897177413,2.41952686094143
"478",1,1,"SelfPa",3,29.008793,-1.39237626560046,1.01272620636583,0.541701297192867,2.53936142695498
"479",1,1,"SelfPa",3,29.010459,-1.39237626560046,1.01272620636583,0.4189604010083,2.49992411322159
"480",1,1,"SelfPa",3,29.012125,-1.39237626560046,1.08686636248497,0.311090952603967,2.38489712943901
"481",1,1,"SelfPa",3,29.013792,-1.39237626560046,1.11157974785802,0.229709893235146,2.25341885297497
"482",1,1,"SelfPa",3,29.015458,-1.39237626560046,1.11157974785802,0.180394159540089,2.11193419411898
"483",1,1,"SelfPa",3,29.017123,-0.902205503817061,1.11157974785802,0.155723932715473,1.96282367925164
"484",1,1,"SelfPa",3,29.018792,-0.771906946887297,1.11157974785802,0.142905390897017,1.81399928589997
"485",1,1,"SelfPa",3,29.020458,-0.771906946887297,1.1586290283657,0.123286849591336,1.6885685673131
"486",1,1,"SelfPa",3,29.022125,-0.771906946887297,1.21168460000201,0.098638468307619,1.60887388687765
"487",1,1,"SelfPa",3,29.023792,-0.771906946887297,1.21168460000201,0.0797411172929075,1.57029493769128
"488",1,1,"SelfPa",3,29.02546,-0.771906946887297,1.21168460000201,0.0679893660549801,1.53436133933042
"489",1,1,"SelfPa",3,29.027126,-0.771906946887297,1.21168460000201,0.046345992223853,1.47772814565412
"490",1,1,"SelfPa",3,29.028792,-0.771906946887297,1.19666887218041,0.0061580537007652,1.37297529705564
"491",1,1,"SelfPa",3,29.030458,-0.771906946887297,1.11157974785802,-0.0527338836373297,1.21083107906231
"492",1,1,"SelfPa",3,29.032124,-0.771906946887297,1.11157974785802,-0.126568841646232,1.04032206614971
"493",1,1,"SelfPa",3,29.033792,-0.33592912612009,1.11157974785802,-0.195373193166891,0.882401971670371
"494",1,1,"SelfPa",3,29.035457,-0.2200362876883,1.11157974785802,-0.240864424184347,0.769542890795775
"495",1,1,"SelfPa",3,29.037123,-0.2200362876883,1.11157974785802,-0.257909982352832,0.707837973338776
"496",1,1,"SelfPa",3,29.038792,-0.2200362876883,1.05811437198324,-0.252081055484044,0.681815719191667
"497",1,1,"SelfPa",3,29.040459,-0.2200362876883,1.04557311097558,-0.239140255287578,0.661600678533664
"498",1,1,"SelfPa",3,29.042125,-0.2200362876883,1.04557311097558,-0.231581506509245,0.588733838979329
"499",1,1,"SelfPa",3,29.043792,-0.2200362876883,1.04557311097558,-0.252189899933431,0.462558047002214
"500",1,1,"SelfPa",3,29.04546,-0.2200362876883,1.04557311097558,-0.317672397426077,0.350635018684877
"501",1,1,"SelfPa",3,29.047125,-0.2200362876883,0.937755492801555,-0.402632158811884,0.283656425658935
"502",1,1,"SelfPa",3,29.048791,-0.2200362876883,0.75417414293768,-0.479878470496839,0.250598048751168
"503",1,1,"SelfPa",3,29.050458,-0.090460087776983,0.75417414293768,-0.569081086249824,0.228927658874354
"504",1,1,"SelfPa",3,29.052124,-0.0560157814714437,0.75417414293768,-0.683930165808381,0.194361002582276
"505",1,1,"SelfPa",3,29.053791,-0.0560157814714437,0.75417414293768,-0.851250481212343,0.134203155202584
"506",1,1,"SelfPa",3,29.055457,-0.0560157814714437,0.75417414293768,-0.897853199936772,0.0808766987405068
"507",1,1,"SelfPa",3,29.057125,-0.0560157814714437,0.61385216644484,-0.600025869814796,0.0668253845358929
"508",1,1,"SelfPa",3,29.058792,-0.0560157814714437,0.596509000810895,-0.0705645015597775,0.0879906611372926
"509",1,1,"SelfPa",3,29.060459,-0.0560157814714437,0.596509000810895,0.459425337157426,0.121063170850654
"510",1,1,"SelfPa",3,29.062125,-0.0560157814714437,0.596509000810895,0.817622072204157,0.145951439872486
"511",1,1,"SelfPa",3,29.063793,-0.0560157814714437,0.596509000810895,0.916307195308758,0.143083247969004
"512",1,1,"SelfPa",3,29.06546,-0.0560157814714437,0.550615618517818,0.802750145355045,0.113885625933411
"513",1,1,"SelfPa",3,29.067123,0.296145220114856,0.47247283245123,0.607237345004846,0.0816502627501217
"514",1,1,"SelfPa",3,29.068792,0.38975763825805,0.47247283245123,0.429612689168127,0.0683407243621357
"515",1,1,"SelfPa",3,29.070458,0.38975763825805,0.47247283245123,0.31968468178924,0.0748789192938585
"516",1,1,"SelfPa",3,29.072124,0.38975763825805,0.47247283245123,0.281432373166265,0.0945535977094644
"517",1,1,"SelfPa",3,29.073791,0.38975763825805,0.47247283245123,0.346515126004606,0.115994379699749
"518",1,1,"SelfPa",3,29.075459,0.38975763825805,0.498972463779722,0.482604510001963,0.124228083046427
"519",1,1,"SelfPa",3,29.077126,0.38975763825805,0.503286357251803,0.628052600371134,0.123708836155204
"520",1,1,"SelfPa",3,29.078792,0.38975763825805,0.503286357251803,0.713121244531839,0.109357278393604
"521",1,1,"SelfPa",3,29.080459,0.38975763825805,0.503286357251803,0.652862906936071,0.0819257808709514
"522",1,1,"SelfPa",3,29.082126,0.38975763825805,0.503286357251803,0.387331507083621,0.052756412281752
"523",1,1,"SelfPa",3,29.083793,0.788289919270578,0.473755425869325,-0.0161603281813613,0.0227039467646826
"524",1,1,"SelfPa",3,29.085457,0.894228880046059,0.41100219668156,-0.444050863611524,-0.00780768012531834
"525",1,1,"SelfPa",3,29.087124,0.894228880046059,0.41100219668156,-0.813843671673149,-0.0540201244897282
"526",1,1,"SelfPa",3,29.088792,0.894228880046059,0.41100219668156,-1.11596350973537,-0.177677306361249
"527",1,1,"SelfPa",3,29.090458,0.894228880046059,0.41100219668156,-1.31362035890164,-0.405507871315043
"528",1,1,"SelfPa",3,29.092123,0.894228880046059,0.41100219668156,-1.37818529002085,-0.666636811487268
"529",1,1,"SelfPa",3,29.093793,0.894228880046059,0.41100219668156,-1.35180784567269,-0.878211970512487
"530",1,1,"SelfPa",3,29.09546,0.894228880046059,0.41100219668156,-1.32190406153606,-1.04261725452383
"531",1,1,"SelfPa",3,29.097125,0.894228880046059,0.41100219668156,-1.28699436896233,-1.16162940637174
"532",1,1,"SelfPa",3,29.098792,0.894228880046059,0.41100219668156,-1.12236124370785,-1.0686464996659
"533",1,1,"SelfPa",3,29.100459,1.02582700608267,0.41100219668156,-0.833724004958637,-0.717398854164252
"534",1,1,"SelfPa",3,29.102125,1.06080878642152,0.549781932796056,-0.544194904755777,-0.183781086190287
"535",1,1,"SelfPa",3,29.103791,1.06080878642152,0.786082564558576,-0.325842198560017,0.304426097955545
"536",1,1,"SelfPa",3,29.105457,1.06080878642152,0.786082564558576,-0.190104106190508,0.58002677466929
"537",1,1,"SelfPa",3,29.107124,1.06080878642152,0.786082564558576,-0.133235276729894,0.631142128805249
"538",1,1,"SelfPa",3,29.108792,1.06080878642152,0.786082564558576,-0.164285072193218,0.55603212897663
"539",1,1,"SelfPa",3,29.110457,1.06080878642152,0.786082564558576,-0.276461541450431,0.452077932105614
"540",1,1,"SelfPa",3,29.112125,1.06080878642152,0.979879301756084,-0.406073684245957,0.364665181657382
"541",1,1,"SelfPa",3,29.113793,1.06080878642152,0.979879301756084,-0.510139047888327,0.305047770666302
"542",1,1,"SelfPa",3,29.115459,1.06080878642152,0.979879301756084,-0.587777199591078,0.255921175192422
"543",1,1,"SelfPa",3,29.117125,1.30308076352703,0.979879301756084,-0.682959399794028,0.195364164061374
"544",1,1,"SelfPa",3,29.118792,1.36748217516267,0.979879301756084,-0.833762043027658,0.127944001529066
"545",1,1,"SelfPa",3,29.120459,1.36748217516267,0.939537046342056,-1.0533839751496,0.0730704113994053
"546",1,1,"SelfPa",3,29.122123,1.36748217516267,0.91481114786249,-1.25363736974688,0.0378643915796485
"547",1,1,"SelfPa",3,29.123791,1.36748217516267,0.91481114786249,-1.38280520129835,0.00283849405062342
"548",1,1,"SelfPa",3,29.125458,1.36748217516267,0.91481114786249,-1.47906053207938,-0.0829669525790276
"549",1,1,"SelfPa",3,29.127124,1.36748217516267,0.91481114786249,-1.5564297153505,-0.187062566629593
"550",1,1,"SelfPa",3,29.128792,1.36748217516267,0.885061237115947,-1.61381037242043,-0.266188649999613
"551",1,1,"SelfPa",3,29.130459,1.36748217516267,0.319812932931644,-1.67043370782452,-0.3107549928383
"552",1,1,"SelfPa",3,29.132126,1.36748217516267,0.319812932931644,-1.71484348875374,-0.333831329674491
"553",1,1,"SelfPa",3,29.133793,1.37736566931462,0.319812932931644,-1.7371185053209,-0.391735599664978
"554",1,1,"SelfPa",3,29.135459,1.37999292725374,0.319812932931644,-1.78168916716118,-0.484213499580762
"555",1,1,"SelfPa",3,29.137125,1.37999292725374,0.319812932931644,-1.86106417350463,-0.605966804349071
"556",1,1,"SelfPa",3,29.138792,1.37999292725374,0.197059357990074,-1.95265567580585,-0.775377351390985
"557",1,1,"SelfPa",3,29.140458,1.37999292725374,-0.703133524914762,-2.051852530706,-0.920874528843922
"558",1,1,"SelfPa",3,29.142123,1.37999292725374,-0.703133524914762,-2.1468679861948,-1.01974242964507
"559",1,1,"SelfPa",3,29.143792,1.37999292725374,-0.703133524914762,-2.22940684964985,-1.12178247126134
"560",1,1,"SelfPa",3,29.145458,1.37999292725374,-0.703133524914762,-2.22421085900308,-1.1838579924728
"561",1,1,"SelfPa",3,29.147125,1.37999292725374,-0.703133524914762,-1.94988079388015,-1.03890813816354
"562",1,1,"SelfPa",3,29.148792,1.37999292725374,-0.72897308987443,-1.40899845362703,-0.706159290354654
"563",1,1,"SelfPa",3,29.15046,1.38990302569681,-0.887701846055247,-0.823706358506037,-0.362488471303667
"564",1,1,"SelfPa",3,29.152126,1.39253735566269,-0.887701846055247,-0.381561885499741,-0.135018278250781
"565",1,1,"SelfPa",3,29.153792,1.39253735566269,-0.887701846055247,-0.162027412192409,-0.0460689788717217
"566",1,1,"SelfPa",3,29.155458,1.39253735566269,-0.887701846055247,-0.086506706610861,-0.0472876227236871
"567",1,1,"SelfPa",3,29.157124,1.39253735566269,-0.887701846055247,-0.112272947217646,-0.0995297192215457
"568",1,1,"SelfPa",3,29.158792,1.39253735566269,-0.755432053606739,-0.216247278191563,-0.172735691478518
"569",1,1,"SelfPa",3,29.160457,1.39253735566269,-0.431599113474189,-0.353874214594428,-0.243447973517568
"570",1,1,"SelfPa",3,29.162123,1.39253735566269,-0.431599113474189,-0.499083316662448,-0.316166485918856
"571",1,1,"SelfPa",3,29.163792,1.39253735566269,-0.431599113474189,-0.630125566295223,-0.41693824067423
"572",1,1,"SelfPa",3,29.165459,1.39253735566269,-0.431599113474189,-0.731644056054322,-0.510518194554142
"573",1,1,"SelfPa",3,29.167125,1.5633236025225,-0.431599113474189,-0.814527897009388,-0.582894194500261
"574",1,1,"SelfPa",3,29.168792,1.60872247827004,-0.529351501592796,-0.897639755588267,-0.631529736237767
"575",1,1,"SelfPa",3,29.17046,1.60872247827004,-0.703133524914762,-0.984421310527076,-0.653200177042359
"576",1,1,"SelfPa",3,29.172125,1.60872247827004,-0.703133524914762,-1.10676748269919,-0.656559442717665
"577",1,1,"SelfPa",3,29.173791,1.60872247827004,-0.703133524914762,-1.26131869533072,-0.684640660626096
"578",1,1,"SelfPa",3,29.175458,1.60872247827004,-0.703133524914762,-1.39913577599226,-0.757585361808098
"579",1,1,"SelfPa",3,29.177124,1.60872247827004,-0.703133524914762,-1.50027998744055,-0.811798455905504
"580",1,1,"SelfPa",3,29.178791,1.60872247827004,-0.785918673499528,-1.56337129885433,-0.832094853688655
"581",1,1,"SelfPa",3,29.180457,1.60872247827004,-0.939662520871237,-1.60057333519174,-0.849667807528719
"582",1,1,"SelfPa",3,29.182125,1.60872247827004,-0.939662520871237,-1.67011498329909,-0.920856866164596
"583",1,1,"SelfPa",3,29.183792,1.56091456712321,-0.939662520871237,-1.80258412042624,-1.03590579518964
"584",1,1,"SelfPa",3,29.185459,1.54820613504621,-0.939662520871237,-1.93000047017604,-1.15284459617899
"585",1,1,"SelfPa",3,29.187125,1.54820613504621,-0.939662520871237,-2.02439322235409,-1.25154598629549
"586",1,1,"SelfPa",3,29.188793,1.54820613504621,-0.968475825594908,-2.09171840080288,-1.34609143824787
"587",1,1,"SelfPa",3,29.19046,1.54820613504621,-1.04256718059863,-2.14709609005101,-1.44856159967174
"588",1,1,"SelfPa",3,29.192123,1.54820613504621,-1.04256718059863,-2.21381895436055,-1.56250185412153
"589",1,1,"SelfPa",3,29.193792,1.54820613504621,-1.04256718059863,-2.33327641784123,-1.70318081238262
"590",1,1,"SelfPa",3,29.195458,1.54820613504621,-1.04256718059863,-2.47689456090507,-1.8530826754711
"591",1,1,"SelfPa",3,29.197124,1.54820613504621,-1.04256718059863,-2.59956857907408,-1.94660609951757
"592",1,1,"SelfPa",3,29.198791,1.54820613504621,-1.02253432271864,-2.67861599811783,-1.96102664705645
"593",1,1,"SelfPa",3,29.200459,0.812304838311393,-0.965517727214053,-2.71443846938476,-1.93025527345246
"594",1,1,"SelfPa",3,29.202126,0.616685506267963,-0.965517727214053,-2.72707544409794,-1.88735672274307
"595",1,1,"SelfPa",3,29.203792,0.616685506267963,-0.965517727214053,-2.73737983243759,-1.89971932507618
"596",1,1,"SelfPa",3,29.205459,0.616685506267963,-0.965517727214053,-2.79782443201365,-2.01607506088138
"597",1,1,"SelfPa",3,29.207126,0.616685506267963,-0.965517727214053,-0.064787511549554,-2.23773844555249
"598",1,1,"SelfPa",3,29.208793,0.616685506267963,-0.741271909443309,-0.064787511549554,-2.60582428437897
"599",1,1,"SelfPa",3,29.210457,0.616685506267963,-0.431599113474189,-0.064787511549554,-3.0027298054675
"600",1,1,"SelfPa",3,29.212124,0.616685506267963,-0.431599113474189,-0.064787511549554,-3.32443664294695
"601",1,1,"SelfPa",3,29.213792,0.616685506267963,-0.431599113474189,-0.064787511549554,-3.62186667169534
"602",1,1,"SelfPa",3,29.215458,0.616685506267963,-0.431599113474189,-0.064787511549554,-0.129497958702932
"603",1,1,"SelfPa",3,29.217123,-0.0730174389329182,-0.431599113474189,-0.064787511549554,-0.129497958702932
"604",1,1,"SelfPa",3,29.218793,-0.256356196517964,-0.188006468888304,-0.064787511549554,-3.42141065543405
"605",1,1,"SelfPa",3,29.22046,-0.256356196517964,-0.0932759959937947,-2.44379803946852,-2.28356233412073
"606",1,1,"SelfPa",3,29.222125,-0.256356196517964,-0.0932759959937947,-1.34852419269293,-1.08704937951883
"607",1,1,"SelfPa",3,29.223792,-0.256356196517964,-0.0932759959937947,-0.350579073447127,-0.196818574176137
"608",1,1,"SelfPa",3,29.225459,-0.256356196517964,-0.0932759959937947,0.35355590551059,0.263709756403544
"609",1,1,"SelfPa",3,29.227125,-0.256356196517964,-0.0127338217523791,0.742785189540989,0.397144233100332
"610",1,1,"SelfPa",3,29.228791,-0.256356196517964,0.380501499543939,0.865402965023563,0.362185554450848
"611",1,1,"SelfPa",3,29.230457,-0.256356196517964,0.380501499543939,0.798443507757269,0.262498217601614
"612",1,1,"SelfPa",3,29.232124,-0.256356196517964,0.380501499543939,0.612590748103994,0.146311728737967
"613",1,1,"SelfPa",3,29.233792,-0.259588617889325,0.380501499543939,0.347769903213391,0.0451832688353931
"614",1,1,"SelfPa",3,29.235457,-0.260447869139942,0.380501499543939,0.0700593268688614,-0.038594818191452
"615",1,1,"SelfPa",3,29.237125,-0.260447869139942,0.802606121715595,-0.153972156427521,-0.0968947044200328
"616",1,1,"SelfPa",3,29.238793,-0.260447869139942,0.91481114786249,-0.302572663743458,-0.12906639514904
"617",1,1,"SelfPa",3,29.240459,-0.260447869139942,0.91481114786249,-0.422439357442251,-0.154947289989073
"618",1,1,"SelfPa",3,29.242125,-0.260447869139942,0.91481114786249,-0.566399795220386,-0.201449409239111
"619",1,1,"SelfPa",3,29.243792,-0.260447869139942,0.91481114786249,-0.743135433356324,-0.275750467614238
"620",1,1,"SelfPa",3,29.245459,-0.260447869139942,0.856981826089559,-0.912768587914619,-0.411731674027128
"621",1,1,"SelfPa",3,29.247123,-0.260447869139942,0.75417414293768,-1.06483144099812,-0.595917619474721
"622",1,1,"SelfPa",3,29.248791,-0.260447869139942,0.75417414293768,-1.19097299037625,-0.753095869847907
"623",1,1,"SelfPa",3,29.250458,0.133348848052807,0.75417414293768,-1.27319014346118,-0.865951455225022
"624",1,1,"SelfPa",3,29.252124,0.23802898806607,0.75417414293768,-1.319901115464,-0.948535546286941
"625",1,1,"SelfPa",3,29.253792,0.23802898806607,0.75417414293768,-1.34170540594472,-1.04162145442353
"626",1,1,"SelfPa",3,29.255459,0.23802898806607,0.472773147007662,-1.34899496304534,-1.09948304925106
"627",1,1,"SelfPa",3,29.257126,0.23802898806607,0.41100219668156,-1.35254762287804,-1.10810130246119
"628",1,1,"SelfPa",3,29.258793,0.23802898806607,0.41100219668156,-1.35609151479212,-1.14683268774633
"629",1,1,"SelfPa",3,29.260459,0.23802898806607,0.41100219668156,-1.36666472401017,-1.23847352018584
"630",1,1,"SelfPa",3,29.262125,0.23802898806607,0.41100219668156,-1.39632581281066,-1.35312375415713
"631",1,1,"SelfPa",3,29.263792,0.23802898806607,0.378655816332533,-1.45127663539896,-1.45316084099324
"632",1,1,"SelfPa",3,29.265458,0.23802898806607,-0.235925410298981,-1.54109035141444,-1.51610560677699
"633",1,1,"SelfPa",3,29.267123,-0.643251457506719,-0.235925410298981,-1.63125491831439,-1.54999792720484
"634",1,1,"SelfPa",3,29.268792,-0.877515879747588,-0.235925410298981,-1.72135522291488,-1.58888464221248
"635",1,1,"SelfPa",3,29.270458,-0.877515879747588,-0.235925410298981,-1.8234438908728,-1.66756516539861
"636",1,1,"SelfPa",3,29.272125,-0.877515879747588,-0.235925410298981,-1.69320872858106,-1.73276765217132
"637",1,1,"SelfPa",3,29.273792,-0.877515879747588,-0.302094717566159,-1.1473994819229,-1.5541797922377
"638",1,1,"SelfPa",3,29.27546,-0.877515879747588,-0.649483580718844,-0.411629580179028,-1.01398843568384
"639",1,1,"SelfPa",3,29.277126,-0.877515879747588,-0.649483580718844,0.239678166849041,-0.152718481857062
"640",1,1,"SelfPa",3,29.278792,-0.877515879747588,-0.649483580718844,0.684506843623561,0.693528726143541
"641",1,1,"SelfPa",3,29.280458,-0.877515879747588,-0.649483580718844,0.922666643054534,1.2791026820704
"642",1,1,"SelfPa",3,29.282124,-0.877515879747588,-0.649483580718844,0.991249568939159,1.54873026462173
"643",1,1,"SelfPa",3,29.283792,-1.07777968117094,-0.404752243439823,0.946372216783698,1.56997987993818
"644",1,1,"SelfPa",3,29.285457,-1.13101436256196,-0.0932759959937947,0.842589992430399,1.4404843144626
"645",1,1,"SelfPa",3,29.287123,-1.13101436256196,-0.0932759959937947,0.714094904122223,1.23577941684256
"646",1,1,"SelfPa",3,29.288792,-1.13101436256196,-0.0932759959937947,0.574803998617968,1.0022761803292
"647",1,1,"SelfPa",3,29.290459,-1.13101436256196,-0.0932759959937947,0.455399050667844,0.798394345046518
"648",1,1,"SelfPa",3,29.292125,-1.13101436256196,-0.0932759959937947,0.39492235347687,0.640230572724568
"649",1,1,"SelfPa",3,29.293792,-1.13101436256196,0.0184910714249722,0.462893220961241,0.523150447151633
"650",1,1,"SelfPa",3,29.29546,-1.13101436256196,0.051876039614994,0.627509048820627,0.443847690690383
"651",1,1,"SelfPa",3,29.297125,-1.13101436256196,0.051876039614994,0.814116150331322,0.382266388839668
"652",1,1,"SelfPa",3,29.298791,-1.13101436256196,0.051876039614994,0.954652539108102,0.341945709650123
"653",1,1,"SelfPa",3,29.300458,-0.583990230650139,0.051876039614994,1.02442499302014,0.326099878800576
"654",1,1,"SelfPa",3,29.302124,-0.438578752546996,0.051876039614994,1.04034694303901,0.320561425084688
"655",1,1,"SelfPa",3,29.303791,-0.438578752546996,-0.312943580917264,1.01477597090745,0.322606557324522
"656",1,1,"SelfPa",3,29.305457,-0.438578752546996,-0.320388879295474,0.970793423604829,0.329501391382525
"657",1,1,"SelfPa",3,29.307125,-0.438578752546996,-0.320388879295474,0.940772476466789,0.326580220341855
"658",1,1,"SelfPa",3,29.308792,-0.438578752546996,-0.320388879295474,0.958106050845537,0.297262672753143
"659",1,1,"SelfPa",3,29.310459,-0.438578752546996,-0.320388879295474,1.02043482832407,0.229556408590145
"660",1,1,"SelfPa",3,29.312125,-0.438578752546996,-0.325539586765944,1.07201023410923,0.150938987374591
"661",1,1,"SelfPa",3,29.313793,-0.438578752546996,-0.835459626342601,1.05506652598449,0.0919679747503394
"662",1,1,"SelfPa",3,29.31546,-0.438578752546996,-0.835459626342601,0.978980423311537,0.0569280107375766
"663",1,1,"SelfPa",3,29.317123,-0.24988781776186,-0.835459626342601,0.829581451894393,0.0373486876413361
"664",1,1,"SelfPa",3,29.318792,-0.19972946800885,-0.835459626342601,0.606812794163968,0.0273805091849364
"665",1,1,"SelfPa",3,29.320458,-0.19972946800885,-0.835459626342601,0.325623315431398,0.0271084969786333
"666",1,1,"SelfPa",3,29.322124,-0.19972946800885,-0.835459626342601,-0.0332048323983114,0.0354094921241704
"667",1,1,"SelfPa",3,29.323791,-0.19972946800885,-1.00970213198443,-0.440159003849486,0.0433994713302526
"668",1,1,"SelfPa",3,29.325459,-0.19972946800885,-1.01696223638618,-0.795480961527789,0.0439434378703841
"669",1,1,"SelfPa",3,29.327126,-0.19972946800885,-1.01696223638618,-0.938151908766142,0.0158336286444766
"670",1,1,"SelfPa",3,29.328792,-0.19972946800885,-1.01696223638618,-0.936496869508663,-0.0418515106923287
"671",1,1,"SelfPa",3,29.330459,-0.19972946800885,-1.01696223638618,-0.94731866181938,-0.103468172625178
"672",1,1,"SelfPa",3,29.332126,-0.19972946800885,-1.01696223638618,-1.00040099792728,-0.153347173931867
"673",1,1,"SelfPa",3,29.333793,0.150343096724351,-0.969118842856101,-1.05914130996506,-0.189584556487719
"674",1,1,"SelfPa",3,29.335457,0.243400360767352,-0.965517727214053,-1.13131742490958,-0.21561725082929
"675",1,1,"SelfPa",3,29.337124,0.243400360767352,-0.965517727214053,-1.14806024029045,-0.288696216152951
"676",1,1,"SelfPa",3,29.338792,0.243400360767352,-0.965517727214053,-1.08267666094002,-0.317091913089732
"677",1,1,"SelfPa",3,29.340458,0.243400360767352,-0.965517727214053,-1.01193620045036,-0.118204818464247
"678",1,1,"SelfPa",3,29.342123,0.243400360767352,-0.802550156200265,-0.950672469741645,0.204247779073934
"679",1,1,"SelfPa",3,29.343793,0.243400360767352,-0.150679872145113,-0.897870810508776,0.466418881842574
"680",1,1,"SelfPa",3,29.34546,0.243400360767352,-0.150679872145113,-0.883133808618843,0.577402373679665
"681",1,1,"SelfPa",3,29.347125,0.243400360767352,-0.150679872145113,-0.865999134057422,0.521995358851551
"682",1,1,"SelfPa",3,29.348792,0.243400360767352,-0.150679872145113,-0.838519311976102,0.378504539080297
"683",1,1,"SelfPa",3,29.350459,0.77615129049204,-0.150679872145113,-0.834808751040765,0.241357665278921
"684",1,1,"SelfPa",3,29.352125,0.91776862624164,-0.0433252389122557,-0.916110706556228,0.142737090311837
"685",1,1,"SelfPa",3,29.353791,0.91776862624164,0.051876039614994,-1.18533260614306,0.0861362302765943
"686",1,1,"SelfPa",3,29.355457,0.91776862624164,0.051876039614994,-1.42115647980297,0.0648437974308975
"687",1,1,"SelfPa",3,29.357124,0.91776862624164,0.051876039614994,-1.44568297350799,0.0515519217222366
"688",1,1,"SelfPa",3,29.358792,0.91776862624164,0.051876039614994,-1.25864323504862,0.0365079985055889
"689",1,1,"SelfPa",3,29.360457,0.91776862624164,0.051876039614994,-0.925028966581748,0.0197508914627172
"690",1,1,"SelfPa",3,29.362125,0.91776862624164,0.160521086957518,-0.513355449274618,0.00252769571167391
"691",1,1,"SelfPa",3,29.363793,0.91776862624164,0.169968482378608,-0.16008612927952,-0.0202800781177151
"692",1,1,"SelfPa",3,29.365459,0.91776862624164,0.169968482378608,-0.0386666008779678,-0.0530523578162496
"693",1,1,"SelfPa",3,29.367125,1.27397348007854,0.169968482378608,-0.242621620089658,-0.0791273569369386
"694",1,1,"SelfPa",3,29.368792,1.36866084628834,0.169968482378608,-0.64576896650488,-0.0899716401687964
"695",1,1,"SelfPa",3,29.370459,1.36866084628834,0.139264447260069,-0.984321903734612,-0.0886610138053
"696",1,1,"SelfPa",3,29.372123,1.36866084628834,0.051876039614994,-1.15343756138247,-0.084828432307163
"697",1,1,"SelfPa",3,29.373791,1.36866084628834,0.051876039614994,-1.25943563088014,-0.0920731517736313
"698",1,1,"SelfPa",3,29.375458,1.36866084628834,0.051876039614994,-1.36094242733441,-0.147564880330434
"699",1,1,"SelfPa",3,29.377124,1.36866084628834,0.051876039614994,-1.43482320636534,-0.227637572197127
"700",1,1,"SelfPa",3,29.378792,1.36866084628834,0.051876039614994,-1.43298984808959,-0.292581577348153
"701",1,1,"SelfPa",3,29.380459,1.36866084628834,-0.01212850022457,-1.35341021546521,-0.344834252934415
"702",1,1,"SelfPa",3,29.382126,1.36866084628834,-0.0644958510023954,-1.24325125114498,-0.462009787069392
"703",1,1,"SelfPa",3,29.383793,1.49750542819379,-0.0644958510023954,-1.13924447226098,-0.675135500164352
"704",1,1,"SelfPa",3,29.385459,1.5317552537636,-0.0644958510023954,-1.05942494748577,-0.90828201074272
"705",1,1,"SelfPa",3,29.387125,1.5317552537636,-0.0644958510023954,-1.01425790237897,-1.0886318560457
"706",1,1,"SelfPa",3,29.388792,1.5317552537636,-0.0644958510023954,-1.03122588971451,-1.19375221800849
"707",1,1,"SelfPa",3,29.390458,1.5317552537636,-0.136028588550851,-1.11235233355533,-1.24597564484596
"708",1,1,"SelfPa",3,29.392123,1.5317552537636,-0.150679872145113,-1.22528033732633,-1.26549869274765
"709",1,1,"SelfPa",3,29.393792,1.5317552537636,-0.150679872145113,-1.32193914625084,-1.29157047415874
"710",1,1,"SelfPa",3,29.395458,1.5317552537636,-0.150679872145113,-1.38201278400453,-1.33657222634923
"711",1,1,"SelfPa",3,29.397125,1.5317552537636,-0.150679872145113,-1.42179095191981,-1.36969380115699
"712",1,1,"SelfPa",3,29.398792,1.5317552537636,-0.129047839252122,-1.50173624185723,-1.38672601774102
"713",1,1,"SelfPa",3,29.40046,1.56216395851642,-0.00646631952517644,-1.66357690034958,-1.39703657786079
"714",1,1,"SelfPa",3,29.402126,1.57024728509629,-0.00646631952517644,-1.85969865473369,-1.42073848142666
"715",1,1,"SelfPa",3,29.403792,1.57024728509629,-0.00646631952517644,-2.0280598909987,-1.4927887866588
"716",1,1,"SelfPa",3,29.405458,1.57024728509629,-0.00646631952517644,-2.15104351222168,-1.58309461684841
"717",1,1,"SelfPa",3,29.407124,1.57024728509629,-0.00646631952517644,-2.23562018138743,-1.68891027029857
"718",1,1,"SelfPa",3,29.408792,1.57024728509629,0.200375331217345,-2.28133752333456,-1.83228874802164
"719",1,1,"SelfPa",3,29.410457,1.57024728509629,0.350157216237792,-2.07064800293283,-1.98409056445953
"720",1,1,"SelfPa",3,29.412123,1.57024728509629,0.350157216237792,-1.48517169536486,-2.22193497735453
"721",1,1,"SelfPa",3,29.413792,1.57024728509629,0.350157216237792,-0.668251755245021,-2.89012027070447
"722",1,1,"SelfPa",3,29.415459,1.57024728509629,0.350157216237792,0.134563460314728,-0.129497958702932
"723",1,1,"SelfPa",3,29.417125,1.2650428573409,0.349551894709982,0.721843172549225,-0.129497958702932
"724",1,1,"SelfPa",3,29.418792,1.18391256641858,0.289625063456972,1.04003650640519,-0.129497958702932
"725",1,1,"SelfPa",3,29.42046,1.18391256641858,0.289625063456972,1.12724505543616,-0.129497958702932
"726",1,1,"SelfPa",3,29.422125,1.18391256641858,0.289625063456972,1.08076483462418,-0.129497958702932
"727",1,1,"SelfPa",3,29.423791,1.18391256641858,0.289625063456972,0.962582566267929,-0.129497958702932
"728",1,1,"SelfPa",3,29.425458,1.18391256641858,0.289625063456972,0.802937461286869,-0.129497958702932
"729",1,1,"SelfPa",3,29.427124,1.18391256641858,0.433019007599979,0.64874032760174,-0.129497958702932
"730",1,1,"SelfPa",3,29.428791,1.18391256641858,0.565382648347373,0.544981960878633,-0.129497958702932
"731",1,1,"SelfPa",3,29.430457,1.18391256641858,0.565382648347373,0.455396655323448,-0.129497958702932
"732",1,1,"SelfPa",3,29.432125,1.18391256641858,0.565382648347373,0.308415448726591,-0.129497958702932
"733",1,1,"SelfPa",3,29.433792,1.22115857398985,0.565382648347373,0.126451482794525,-0.129497958702932
"734",1,1,"SelfPa",3,29.435459,1.2310594114455,0.580485967914597,-0.0322252323538233,-0.129497958702932
"735",1,1,"SelfPa",3,29.437125,1.2310594114455,0.75417414293768,-0.114143615377719,-0.129497958702932
"736",1,1,"SelfPa",3,29.438793,1.2310594114455,0.75417414293768,-0.00152889390968088,-0.129497958702932
"737",1,1,"SelfPa",3,29.44046,1.2310594114455,0.75417414293768,0.326442139959978,-0.129497958702932
"738",1,1,"SelfPa",3,29.442123,1.2310594114455,0.75417414293768,0.75094334930116,-3.67918148738046
"739",1,1,"SelfPa",3,29.443792,1.2310594114455,0.75417414293768,1.16364892469507,-1.70008332706006
"740",1,1,"SelfPa",3,29.445458,1.2310594114455,0.73321781779666,1.51610804340141,-0.0523387660106201
"741",1,1,"SelfPa",3,29.447124,1.2310594114455,0.722422135148257,1.77179783545167,1.00404234409125
"742",1,1,"SelfPa",3,29.448791,1.2310594114455,0.722422135148257,1.91908583775886,1.44987678564131
"743",1,1,"SelfPa",3,29.450459,0.186162575470369,0.722422135148257,1.97774427692516,1.41816428985127
"744",1,1,"SelfPa",3,29.452126,-0.091594811307829,0.722422135148257,1.99591679672542,1.16406044310345
"745",1,1,"SelfPa",3,29.453792,-0.091594811307829,0.877390702820413,1.99901876771919,0.861388591796268
"746",1,1,"SelfPa",3,29.455459,-0.091594811307829,1.17821204006637,1.98836446747007,0.615564814664525
"747",1,1,"SelfPa",3,29.457126,-0.091594811307829,1.17821204006637,1.95190512203494,0.444264522977758
"748",1,1,"SelfPa",3,29.458793,-0.091594811307829,1.17821204006637,1.89014442443354,0.294147193720705
"749",1,1,"SelfPa",3,29.460457,-0.091594811307829,1.17821204006637,1.82588011286867,0.154513629157325
"750",1,1,"SelfPa",3,29.462124,-0.091594811307829,1.17721411982155,1.76690041011188,0.0389770512535169
"751",1,1,"SelfPa",3,29.463792,-0.091594811307829,1.07842001558532,1.6613376783616,-0.0328724573249767
"752",1,1,"SelfPa",3,29.465458,-0.091594811307829,1.07842001558532,1.47170995175285,-0.0652846429104821
"753",1,1,"SelfPa",3,29.467123,-0.912736256798591,1.07842001558532,1.24269624792504,-0.0793569138956897
"754",1,1,"SelfPa",3,29.468793,-1.13101436256196,1.07842001558532,1.04297808513816,-0.0949095859366219
"755",1,1,"SelfPa",3,29.47046,-1.13101436256196,1.07842001558532,0.904435964292322,-0.117805580566677
"756",1,1,"SelfPa",3,29.472125,-1.13101436256196,0.823007177754878,0.825917628918925,-0.14263033746413
"757",1,1,"SelfPa",3,29.473792,-1.13101436256196,0.596509000810895,0.775203205723727,-0.160591881823841
"758",1,1,"SelfPa",3,29.475459,-1.13101436256196,0.596509000810895,0.742817766224784,-0.173470486717229
"759",1,1,"SelfPa",3,29.477125,-1.13101436256196,0.596509000810895,0.73505167643547,-0.174145106156588
"760",1,1,"SelfPa",3,29.478791,-1.13101436256196,0.596509000810895,0.753021550099766,-0.165819514051789
"761",1,1,"SelfPa",3,29.480457,-1.13101436256196,0.596509000810895,0.775604857072172,-0.149754971545279
"762",1,1,"SelfPa",3,29.482124,-1.13101436256196,-0.150875389434459,0.775025279541938,-0.12538223339991
"763",1,1,"SelfPa",3,29.483792,-1.80162872888257,-0.486656782153384,0.748314410918857,-0.0950755641944997
"764",1,1,"SelfPa",3,29.485457,-1.97989330727159,-0.486656782153384,0.708665424885035,-0.0563619920571217
"765",1,1,"SelfPa",3,29.487125,-1.97989330727159,-0.486656782153384,0.666276260675124,-0.0196795470206625
"766",1,1,"SelfPa",3,29.488793,-1.97989330727159,-0.486656782153384,0.634614310997771,0.00813692746430699
"767",1,1,"SelfPa",3,29.490459,-1.97989330727159,-0.486656782153384,0.607348393171078,0.0218878210221619
"768",1,1,"SelfPa",3,29.492125,-1.97989330727159,-0.790170627094345,0.577137351501714,0.0184793521687363
"769",1,1,"SelfPa",3,29.493792,-1.97989330727159,-0.939662520871237,0.529440583177521,-0.00415886688382897
"770",1,1,"SelfPa",3,29.495459,-1.97989330727159,-0.939662520871237,0.427732439630467,-0.0429960546274926
"771",1,1,"SelfPa",3,29.497123,-1.97989330727159,-0.939662520871237,0.241853427002603,-0.156455562428686
"772",1,1,"SelfPa",3,29.498791,-1.97989330727159,-0.939662520871237,0.0236410017560935,-0.356790949303398
"773",1,1,"SelfPa",3,29.500458,-2.26692700419042,-0.939662520871237,-0.0885790627691392,-0.542587589896599
"774",1,1,"SelfPa",3,29.502124,-2.34322710083973,-1.04359137836713,0.00544203735369355,-0.660547296065832
"775",1,1,"SelfPa",3,29.503792,-2.34322710083973,-1.11885020620898,0.264716414386771,-0.707604018816879
"776",1,1,"SelfPa",3,29.505459,-2.34322710083973,-1.11885020620898,0.57720748718565,-0.696399722493457
"777",1,1,"SelfPa",3,29.507126,-2.34322710083973,-1.11885020620898,0.838221554947188,-0.664256099914754
"778",1,1,"SelfPa",3,29.508793,-2.34322710083973,-1.11885020620898,0.98110950122513,-0.62866860210251
"779",1,1,"SelfPa",3,29.510459,-2.34322710083973,-1.11885020620898,1.01840961254352,-0.600516675604303
"780",1,1,"SelfPa",3,29.512125,-2.34322710083973,-0.984784157319816,0.996240891779297,-0.581608337556001
"781",1,1,"SelfPa",3,29.513792,-2.34322710083973,-0.887701846055247,0.95036602240326,-0.570990393573293
"782",1,1,"SelfPa",3,29.515458,-2.34322710083973,-0.887701846055247,0.890327673236888,-0.564544152216863
"783",1,1,"SelfPa",3,29.517123,-2.48061166019545,-0.887701846055247,0.831067140303023,-0.565215287733236
"784",1,1,"SelfPa",3,29.518792,-2.5171316063533,-0.887701846055247,0.797915861293557,-0.571732145083481
"785",1,1,"SelfPa",3,29.520458,-2.5171316063533,-0.887701846055247,0.79498568439992,-0.579075606566543
"786",1,1,"SelfPa",3,29.522125,-2.5171316063533,-0.728095608279857,0.78787917664369,-0.585288992233155
"787",1,1,"SelfPa",3,29.523792,-2.5171316063533,-0.649483580718844,0.775071365968131,-0.594183331871817
"788",1,1,"SelfPa",3,29.52546,-2.5171316063533,-0.649483580718844,0.771621686781731,-0.618714825790202
"789",1,1,"SelfPa",3,29.527126,-2.5171316063533,-0.649483580718844,0.776946345748119,-0.645856588239852
"790",1,1,"SelfPa",3,29.528792,-2.5171316063533,-0.649483580718844,0.795034070356734,-0.665033095762128
"791",1,1,"SelfPa",3,29.530458,-2.5171316063533,-0.649483580718844,0.838350137034404,-0.686294007785671
"792",1,1,"SelfPa",3,29.532124,-2.5171316063533,-0.517593873880821,0.916803798109089,-0.703774990688699
"793",1,1,"SelfPa",3,29.533792,-2.07250739097134,-0.486656782153384,1.05335260916174,-0.715883613878665
"794",1,1,"SelfPa",3,29.535457,-1.95431614384449,-0.486656782153384,1.23001769003313,-0.73424068188051
"795",1,1,"SelfPa",3,29.537123,-1.95431614384449,-0.486656782153384,1.3755983866681,-0.7637633295201
"796",1,1,"SelfPa",3,29.538792,-1.95431614384449,-0.486656782153384,1.40882066368549,-0.803974502412729
"797",1,1,"SelfPa",3,29.540459,-1.95431614384449,-0.447318703537426,1.32449812139748,-0.936865029306105
"798",1,1,"SelfPa",3,29.542125,-1.95431614384449,-0.0932759959937947,1.19287461749339,-1.04505063004846
"799",1,1,"SelfPa",3,29.543792,-1.95431614384449,-0.0932759959937947,1.06097574479746,-0.90885428849755
"800",1,1,"SelfPa",3,29.54546,-1.95431614384449,-0.0932759959937947,0.925014655445989,-0.608061510150863
"801",1,1,"SelfPa",3,29.547125,-1.95431614384449,-0.0932759959937947,0.790446698395662,-0.366547010092619
"802",1,1,"SelfPa",3,29.548791,-1.95431614384449,-0.0932759959937947,0.656453815628102,-0.264150566627217
"803",1,1,"SelfPa",3,29.550458,-1.61723977532455,0.172039401507336,0.559920861557078,-0.245680381086025
"804",1,1,"SelfPa",3,29.552124,-1.52763719635089,0.380501499543939,0.46421842129529,-0.296972234695791
"805",1,1,"SelfPa",3,29.553791,-1.52763719635089,0.380501499543939,0.360749220547757,-0.379333806091901
"806",1,1,"SelfPa",3,29.555457,-1.52763719635089,0.380501499543939,0.290523471662077,-0.461804872210433
"807",1,1,"SelfPa",3,29.557125,-1.52763719635089,0.380501499543939,0.245231054229549,-0.519649186316973
"808",1,1,"SelfPa",3,29.558792,-1.52763719635089,0.389726787324335,0.191235488279706,-0.551298184427604
"809",1,1,"SelfPa",3,29.560459,-1.52763719635089,0.534256295883849,0.12894609026306,-0.569747061323555
"810",1,1,"SelfPa",3,29.562125,-1.52763719635089,0.534256295883849,0.0680250087796034,-0.572152426570357
"811",1,1,"SelfPa",3,29.563793,-1.52763719635089,0.534256295883849,0.0202049281258669,-0.439350363542041
"812",1,1,"SelfPa",3,29.56546,-1.52763719635089,0.534256295883849,-0.00840046628747865,-0.153541393957473
"813",1,1,"SelfPa",3,29.567123,-1.32543128167561,0.534256295883849,-0.0238539827561183,0.11194641152667
"814",1,1,"SelfPa",3,29.568792,-1.27168034233155,0.649037457835137,-0.0313974013303122,0.255790493356957
"815",1,1,"SelfPa",3,29.570458,-1.27168034233155,0.722422135148257,-0.0287461383382314,0.271629124870631
"816",1,1,"SelfPa",3,29.572124,-1.27168034233155,0.722422135148257,-0.0257742824520918,0.211534835427169
"817",1,1,"SelfPa",3,29.573791,-1.27168034233155,0.722422135148257,-0.0424273873946156,0.108774446967963
"818",1,1,"SelfPa",3,29.575459,-1.27168034233155,0.722422135148257,-0.0779886703085242,-0.0156068827180483
"819",1,1,"SelfPa",3,29.577126,-1.27168034233155,0.699842234436527,-0.109959619413057,-0.196129852372106
"820",1,1,"SelfPa",3,29.578792,-1.27168034233155,0.534256295883849,-0.123635981966872,-0.460656936948243
"821",1,1,"SelfPa",3,29.580459,-1.27168034233155,0.534256295883849,-0.131060591458987,-0.682577981451888
"822",1,1,"SelfPa",3,29.582126,-1.27168034233155,0.534256295883849,-0.159468801121594,-0.830293364567952
"823",1,1,"SelfPa",3,29.583793,-0.832722840958641,0.534256295883849,-0.242619157675618,-0.907010459874244
"824",1,1,"SelfPa",3,29.585457,-0.7160379355304,0.534256295883849,-0.384184682219011,-0.929185791723947
"825",1,1,"SelfPa",3,29.587124,-0.7160379355304,0.404601742697604,-0.523484134312074,-0.913866519374096
"826",1,1,"SelfPa",3,29.588792,-0.7160379355304,0.289625063456972,-0.620786319701287,-0.892030192907586
"827",1,1,"SelfPa",3,29.590458,-0.7160379355304,0.289625063456972,-0.67498566238965,-0.908059479502416
"828",1,1,"SelfPa",3,29.592123,-0.7160379355304,0.289625063456972,-0.700313296274638,-0.997340804844202
"829",1,1,"SelfPa",3,29.593793,-0.7160379355304,0.289625063456972,-0.776197107322598,-1.12540656138157
"830",1,1,"SelfPa",3,29.59546,-0.7160379355304,0.289625063456972,-0.831396487133842,-1.26339051423372
"831",1,1,"SelfPa",3,29.597125,-0.7160379355304,0.289625063456972,-0.675547054465223,-1.36422577824299
"832",1,1,"SelfPa",3,29.598792,-0.7160379355304,0.289625063456972,-0.280598828199357,-1.24847018000202
"833",1,1,"SelfPa",3,29.600459,-0.435176434151946,0.289625063456972,0.193484716668239,-0.963095335000309
"834",1,1,"SelfPa",3,29.602125,-0.360517047709573,0.289625063456972,0.607961601336642,-0.598697500655285
"835",1,1,"SelfPa",3,29.603791,-0.360517047709573,0.289625063456972,0.874163410178849,-0.274153823905524
"836",1,1,"SelfPa",3,29.605457,-0.360517047709573,0.494237817100974,0.974852095150654,-0.0683682156900842
"837",1,1,"SelfPa",3,29.607124,-0.360517047709573,0.69082654119031,0.940576249853809,0.036529207610173
"838",1,1,"SelfPa",3,29.608792,-0.360517047709573,0.69082654119031,0.809557809944338,0.0554126720687833
"839",1,1,"SelfPa",3,29.610457,-0.360517047709573,0.69082654119031,0.672848798258434,-0.00622169536902272
"840",1,1,"SelfPa",3,29.612125,-0.360517047709573,0.69082654119031,0.583862424616208,-0.0961105208112823
"841",1,1,"SelfPa",3,29.613793,-0.360517047709573,0.695894349330099,0.545119932715885,-0.174664349575463
"842",1,1,"SelfPa",3,29.615459,-0.360517047709573,0.75417414293768,0.497949661090094,-0.247570172028859
"843",1,1,"SelfPa",3,29.617125,0.349019396523007,0.75417414293768,0.320128778640395,-0.383176885656976
"844",1,1,"SelfPa",3,29.618792,0.537630350053188,0.75417414293768,0.125860599238739,-0.542474622825687
"845",1,1,"SelfPa",3,29.620459,0.537630350053188,0.75417414293768,0.0677370883831162,-0.666983085653303
"846",1,1,"SelfPa",3,29.622123,0.537630350053188,0.75417414293768,0.130878175053465,-0.736236414175809
"847",1,1,"SelfPa",3,29.623791,0.537630350053188,0.644675076075302,0.229651063576762,-0.764314321778678
"848",1,1,"SelfPa",3,29.625458,0.537630350053188,0.565382648347373,0.30864952178104,-0.785539769549632
"849",1,1,"SelfPa",3,29.627124,0.537630350053188,0.565382648347373,0.351003809776534,-0.871723181312546
"850",1,1,"SelfPa",3,29.628792,0.537630350053188,0.565382648347373,0.368592057171542,-0.991600653978956
"851",1,1,"SelfPa",3,29.630459,0.537630350053188,0.565382648347373,0.345743250226203,-1.09367265277584
"852",1,1,"SelfPa",3,29.632126,0.537630350053188,0.557663625764082,0.257014232385962,-1.14420145780467
"853",1,1,"SelfPa",3,29.633793,0.371326926247492,0.41100219668156,0.10575561139297,-1.16912122973134
"854",1,1,"SelfPa",3,29.635459,0.327119687008004,0.41100219668156,-0.032075858677243,-1.20920903008208
"855",1,1,"SelfPa",3,29.637125,0.327119687008004,0.41100219668156,-0.10947173566633,-1.26294165531876
"856",1,1,"SelfPa",3,29.638792,0.327119687008004,0.41100219668156,-0.147983699621911,-1.31033411944542
"857",1,1,"SelfPa",3,29.640458,0.327119687008004,0.41100219668156,-0.164744882503615,-1.34111753052417
"858",1,1,"SelfPa",3,29.642123,0.327119687008004,0.282411257549345,-0.187574143438678,-1.36891402743082
"859",1,1,"SelfPa",3,29.643792,0.327119687008004,0.0812818399322895,-0.212834295681321,-1.40405940268418
"860",1,1,"SelfPa",3,29.645458,0.327119687008004,0.0812818399322895,-0.21713413050101,-1.45559785090929
"861",1,1,"SelfPa",3,29.647125,0.327119687008004,0.0812818399322895,-0.222616403128702,-1.5807180257961
"862",1,1,"SelfPa",3,29.648792,0.327119687008004,0.0812818399322895,-0.232861386927308,-1.79817350282066
"863",1,1,"SelfPa",3,29.65046,-0.370937005605289,0.0812818399322895,-0.274978631641301,-1.97477205430369
"864",1,1,"SelfPa",3,29.652126,-0.556496379591102,-0.0906013194755725,-0.266423611221478,-1.85379230775774
"865",1,1,"SelfPa",3,29.653792,-0.556496379591102,-0.179147189473561,-0.0615354329024638,-1.34544791947649
"866",1,1,"SelfPa",3,29.655458,-0.556496379591102,-0.179147189473561,0.268298124956319,-0.583862019046214
"867",1,1,"SelfPa",3,29.657124,-0.556496379591102,-0.179147189473561,0.585587360023184,0.112486837151002
"868",1,1,"SelfPa",3,29.658792,-0.556496379591102,-0.179147189473561,0.80821795010258,0.535357916528649
"869",1,1,"SelfPa",3,29.660457,-0.556496379591102,-0.126216748902424,0.922094059929939,0.691141012001569
"870",1,1,"SelfPa",3,29.662123,-0.556496379591102,0.350157216237792,0.955689819045664,0.680593602991211
"871",1,1,"SelfPa",3,29.663792,-0.556496379591102,0.350157216237792,0.935003529021696,0.593382214031981
"872",1,1,"SelfPa",3,29.665459,-0.556496379591102,0.350157216237792,0.882593776876266,0.457768335791476
"873",1,1,"SelfPa",3,29.667125,-0.966202462875006,0.350157216237792,0.815043627681737,0.331101681057154
"874",1,1,"SelfPa",3,29.668792,-1.07511167488718,0.350157216237792,0.748086278318512,0.24726359532073
"875",1,1,"SelfPa",3,29.67046,-1.07511167488718,0.440503409436057,0.699553438986083,0.203583724532647
"876",1,1,"SelfPa",3,29.672125,-1.07511167488718,0.503286357251803,0.671667893470844,0.184389460577638
"877",1,1,"SelfPa",3,29.673791,-1.07511167488718,0.503286357251803,0.65580716845476,0.157526637229699
"878",1,1,"SelfPa",3,29.675458,-1.07511167488718,0.503286357251803,0.634135242118424,0.0907740783260705
"879",1,1,"SelfPa",3,29.677124,-1.07511167488718,0.503286357251803,0.610807557921289,0.0125628349363773
"880",1,1,"SelfPa",3,29.678791,-1.07511167488718,0.499602811520567,0.57837124130736,-0.0524377289843229
"881",1,1,"SelfPa",3,29.680457,-1.07511167488718,0.380501499543939,0.504765278222785,-0.0913843651524282
"882",1,1,"SelfPa",3,29.682125,-1.07511167488718,0.380501499543939,0.407670951238942,-0.1064987689413
"883",1,1,"SelfPa",3,29.683792,-1.17513050736159,0.380501499543939,0.318494483065391,-0.123736236044642
"884",1,1,"SelfPa",3,29.685459,-1.20171779194339,0.380501499543939,0.265202190230429,-0.144961625943121
"885",1,1,"SelfPa",3,29.687125,-1.20171779194339,0.380501499543939,0.249858955417815,-0.166607274179486
"886",1,1,"SelfPa",3,29.688793,-1.20171779194339,0.258910079370229,0.282374414210613,-0.186532674675346
"887",1,1,"SelfPa",3,29.69046,-1.20171779194339,0.051876039614994,0.375360438112729,-0.198609352259194
"888",1,1,"SelfPa",3,29.692123,-1.20171779194339,0.051876039614994,0.52383883077132,-0.203257981950736
"889",1,1,"SelfPa",3,29.693792,-1.20171779194339,0.051876039614994,0.713875490575482,-0.213575625661433
"890",1,1,"SelfPa",3,29.695458,-1.20171779194339,0.051876039614994,0.926489037829066,-0.234564259265289
"891",1,1,"SelfPa",3,29.697124,-1.20171779194339,0.051876039614994,1.10879438824455,-0.307999915800457
"892",1,1,"SelfPa",3,29.698791,-1.20171779194339,0.051876039614994,1.19990658213199,-0.449569184214679
"893",1,1,"SelfPa",3,29.700459,-1.62822448507105,0.051876039614994,1.16970109766163,-0.603886288878113
"894",1,1,"SelfPa",3,29.702126,-1.7415996819784,0.051876039614994,1.05051920418173,-0.729292052853826
"895",1,1,"SelfPa",3,29.703792,-1.7415996819784,0.051876039614994,0.81929488491706,-0.823038112311061
"896",1,1,"SelfPa",3,29.705459,-1.7415996819784,0.051876039614994,0.516788948956629,-0.865040241533969
"897",1,1,"SelfPa",3,29.707126,-1.7415996819784,0.051876039614994,0.382647746464024,-0.70758627511609
"898",1,1,"SelfPa",3,29.708793,-1.7415996819784,-0.176836957182675,0.461443079463459,-0.262486767698684
"899",1,1,"SelfPa",3,29.710457,-1.7415996819784,-0.179147189473561,0.592950552884967,0.256189589906794
"900",1,1,"SelfPa",3,29.712124,-1.7415996819784,-0.179147189473561,0.61505584492956,0.575300642159426
"901",1,1,"SelfPa",3,29.713792,-1.7415996819784,-0.179147189473561,0.524902746938573,0.688643629519751
"902",1,1,"SelfPa",3,29.715458,-1.7415996819784,-0.179147189473561,0.425931236457899,0.681978225101054
"903",1,1,"SelfPa",3,29.717123,-1.39976114534757,-0.0124256865043734,0.346523653430659,0.630615813369948
"904",1,1,"SelfPa",3,29.718793,-1.30889267358494,0.259593607813773,0.247804228994297,0.578952927749406
"905",1,1,"SelfPa",3,29.72046,-1.30889267358494,0.259593607813773,0.141068832441153,0.533471690530267
"906",1,1,"SelfPa",3,29.722125,-1.30889267358494,0.259593607813773,0.048722748748068,0.473776568379955
"907",1,1,"SelfPa",3,29.723792,-1.30889267358494,0.259593607813773,-0.0190759413810657,0.405208415236221
"908",1,1,"SelfPa",3,29.725459,-1.30889267358494,0.259593607813773,-0.157337711118708,0.349646070685602
"909",1,1,"SelfPa",3,29.727125,-1.30889267358494,0.474043227319239,-0.400684849212493,0.319706613907628
"910",1,1,"SelfPa",3,29.728791,-1.30889267358494,0.503286357251803,-0.632426735331654,0.27399926429944
"911",1,1,"SelfPa",3,29.730457,-1.30889267358494,0.503286357251803,-0.768866586958386,0.161118944828447
"912",1,1,"SelfPa",3,29.732124,-1.30889267358494,0.503286357251803,-0.834747401480075,-0.0603217147527122
"913",1,1,"SelfPa",3,29.733792,-1.18238926929825,0.503286357251803,-0.873212684964053,-0.325791859085364
"914",1,1,"SelfPa",3,29.735457,-1.1487617820828,0.439187969113353,-0.929920805978401,-0.508571989522822
"915",1,1,"SelfPa",3,29.737125,-1.1487617820828,0.289625063456972,-0.980848232778734,-0.583176762645977
"916",1,1,"SelfPa",3,29.738793,-1.1487617820828,0.289625063456972,-0.993693353338617,-0.594963962110611
"917",1,1,"SelfPa",3,29.740459,-1.1487617820828,0.289625063456972,-0.945061270097143,-0.575225512857516
"918",1,1,"SelfPa",3,29.742125,-1.1487617820828,0.289625063456972,-0.839697735186896,-0.539941914985219
"919",1,1,"SelfPa",3,29.743792,-1.1487617820828,0.289625063456972,-0.711056166778171,-0.504421595541784
"920",1,1,"SelfPa",3,29.745459,-1.1487617820828,0.191037425478287,-0.567899817369886,-0.480048949992375
"921",1,1,"SelfPa",3,29.747123,-1.1487617820828,0.140249854398361,-0.445430811937104,-0.47045187646607
"922",1,1,"SelfPa",3,29.748791,-1.1487617820828,0.140249854398361,-0.377681609623207,-0.476470926362125
"923",1,1,"SelfPa",3,29.750458,-0.919885065557384,0.140249854398361,-0.354628795986287,-0.486194995247248
"924",1,1,"SelfPa",3,29.752124,-0.859044419392401,0.140249854398361,-0.305897353859236,-0.493753950677672
"925",1,1,"SelfPa",3,29.753792,-0.859044419392401,0.140249854398361,-0.241744473715707,-0.500175839296683
"926",1,1,"SelfPa",3,29.755459,-0.859044419392401,-0.00353199604670565,-0.381719614137578,-0.506763648301097
"927",1,1,"SelfPa",3,29.757126,-0.859044419392401,-0.00646631952517644,-0.723331128301988,-0.514485086491917
"928",1,1,"SelfPa",3,29.758793,-0.859044419392401,-0.00646631952517644,-1.07209465026851,-0.531888450831672
"929",1,1,"SelfPa",3,29.760459,-0.859044419392401,-0.00646631952517644,-1.32633101062383,-0.556504635329757
"930",1,1,"SelfPa",3,29.762125,-0.859044419392401,-0.00646631952517644,-1.48288803372816,-0.577044606785069
"931",1,1,"SelfPa",3,29.763792,-0.859044419392401,-0.0376755713193797,-1.53854950421767,-0.586557117051119
"932",1,1,"SelfPa",3,29.765458,-0.859044419392401,-0.122056140985192,-1.52844694759689,-0.584533004094152
"933",1,1,"SelfPa",3,29.767123,-0.732966683763672,-0.122056140985192,-1.49652557253999,-0.581375157780324
"934",1,1,"SelfPa",3,29.768792,-0.699452348976288,-0.122056140985192,-1.47322125732279,-0.588796573487013
"935",1,1,"SelfPa",3,29.770458,-0.699452348976288,-0.122056140985192,-1.45690828170323,-0.603483820538997
"936",1,1,"SelfPa",3,29.772125,-0.699452348976288,-0.122056140985192,-1.4042176936319,-0.616083225464705
"937",1,1,"SelfPa",3,29.773792,-0.699452348976288,0.00401340718364653,-1.31180454567086,-0.623833079040679
"938",1,1,"SelfPa",3,29.77546,-0.699452348976288,0.0812818399322895,-1.24053486295456,-0.630173529513077
"939",1,1,"SelfPa",3,29.777126,-0.699452348976288,0.0812818399322895,-1.21405800223256,-0.653669939495234
"940",1,1,"SelfPa",3,29.778792,-0.699452348976288,0.0812818399322895,-1.21716328838297,-0.703679651573626
"941",1,1,"SelfPa",3,29.780458,-0.699452348976288,0.0812818399322895,-1.22965171150177,-0.754614813971884
"942",1,1,"SelfPa",3,29.782124,-0.699452348976288,0.0812818399322895,-1.24406705983915,-0.822261012293232
"943",1,1,"SelfPa",3,29.783792,-0.478596826224253,0.0530522716276858,-1.27038602903989,-0.937423082006616
"944",1,1,"SelfPa",3,29.785457,-0.419888396125611,0.051876039614994,-1.21478022635417,-1.02993614523812
"945",1,1,"SelfPa",3,29.787123,-0.419888396125611,0.051876039614994,-0.856247572041788,-0.90051104528792
"946",1,1,"SelfPa",3,29.788792,-0.419888396125611,0.051876039614994,-0.244446843775836,-0.37128028406588
"947",1,1,"SelfPa",3,29.790459,-0.419888396125611,0.051876039614994,0.404723432051874,0.391559797966999
"948",1,1,"SelfPa",3,29.792125,-0.419888396125611,0.298359211806536,0.96271986740875,1.07023314226601
"949",1,1,"SelfPa",3,29.793792,-0.419888396125611,0.565382648347373,1.40714555144196,1.4530841939426
"950",1,1,"SelfPa",3,29.79546,-0.419888396125611,0.565382648347373,1.71388846838511,1.52893926716147
"951",1,1,"SelfPa",3,29.797125,-0.419888396125611,0.565382648347373,1.89931648556996,1.39515785139021
"952",1,1,"SelfPa",3,29.798791,-0.419888396125611,0.565382648347373,1.97250163455092,1.17812947323006
"953",1,1,"SelfPa",3,29.800458,-0.0278608642924973,0.582472423574331,1.96722976897503,0.977200673572703
"954",1,1,"SelfPa",3,29.802124,0.0763489859416228,0.850212235463322,1.924573475958,0.814890025916186
"955",1,1,"SelfPa",3,29.803791,0.0763489859416228,0.850212235463322,1.8628957530865,0.686217001925688
"956",1,1,"SelfPa",3,29.805457,0.0763489859416228,0.850212235463322,1.77941244366133,0.581902433153764
"957",1,1,"SelfPa",3,29.807125,0.0763489859416228,0.850212235463322,1.67451360556405,0.501356356017271
"958",1,1,"SelfPa",3,29.808792,0.0763489859416228,0.850212235463322,1.56782554101619,0.453088154026645
"959",1,1,"SelfPa",3,29.810459,0.0763489859416228,0.850212235463322,1.45661966530853,0.434522664093866
"960",1,1,"SelfPa",3,29.812125,0.0763489859416228,0.850212235463322,1.34488173570347,0.438040893883097
"961",1,1,"SelfPa",3,29.813793,0.0763489859416228,0.850212235463322,1.22381585594866,0.410972965136864
"962",1,1,"SelfPa",3,29.81546,0.0763489859416228,0.850212235463322,1.08537318980217,0.343333873555427
"963",1,1,"SelfPa",3,29.817123,0.521186035652567,0.850212235463322,0.942035589474075,0.274677466044992
"964",1,1,"SelfPa",3,29.818792,0.639433858993452,0.79470409494948,0.824896924764589,0.234618123905039
"965",1,1,"SelfPa",3,29.820458,0.639433858993452,0.503286357251803,0.750592287626375,0.227292230190443
"966",1,1,"SelfPa",3,29.822124,0.639433858993452,0.503286357251803,0.713539280035957,0.237846610519122
"967",1,1,"SelfPa",3,29.823791,0.639433858993452,0.503286357251803,0.690688365187548,0.249375875835686
"968",1,1,"SelfPa",3,29.825459,0.639433858993452,0.503286357251803,0.607643499600756,0.245137181189966
"969",1,1,"SelfPa",3,29.827126,0.639433858993452,0.503286357251803,0.48058676769593,0.226352649727117
"970",1,1,"SelfPa",3,29.828792,0.639433858993452,0.250028902019078,0.377167677553177,0.208790264558411
"971",1,1,"SelfPa",3,29.830459,0.639433858993452,-0.0355592921795249,0.315126341402256,0.195307658534378
"972",1,1,"SelfPa",3,29.832126,0.639433858993452,-0.0355592921795249,0.285090255687629,0.172969665445566
"973",1,1,"SelfPa",3,29.833793,0.446366518318691,-0.0355592921795249,0.274886280185095,0.128251308166969
"974",1,1,"SelfPa",3,29.835457,0.395044820164641,-0.0355592921795249,0.249327476403067,0.0753911057431492
"975",1,1,"SelfPa",3,29.837124,0.395044820164641,-0.0355592921795249,0.169004871816275,0.0317394570461526
"976",1,1,"SelfPa",3,29.838792,0.395044820164641,-0.422292490501427,0.0766264030669467,0.0064767513526996
"977",1,1,"SelfPa",3,29.840458,0.395044820164641,-0.809025688823329,0.00376328418668688,-0.00316284686812733
"978",1,1,"SelfPa",3,29.842123,0.395044820164641,-0.809025688823329,-0.0388070638733923,-0.0129718378228484
"979",1,1,"SelfPa",3,29.843793,0.395044820164641,-0.809025688823329,-0.063430341947832,-0.0483791438973908
"980",1,1,"SelfPa",3,29.84546,0.395044820164641,-0.809025688823329,-0.0813113004281214,-0.0898974013580552
"981",1,1,"SelfPa",3,29.847125,0.395044820164641,-0.809025688823329,-0.0925266861487322,-0.0258009675374853
"982",1,1,"SelfPa",3,29.848792,0.395044820164641,-0.943059829290874,-0.094015536411966,0.270216194161926
"983",1,1,"SelfPa",3,29.850459,0.137847835739503,-1.14411103999219,-0.0905116266284239,0.666895523853906
"984",1,1,"SelfPa",3,29.852125,0.0694790170948452,-1.14411103999219,-0.0968546902185265,0.907134850226749
"985",1,1,"SelfPa",3,29.853791,0.0694790170948452,-1.14411103999219,-0.119854308047084,0.923418555795527
"986",1,1,"SelfPa",3,29.855457,0.0694790170948452,-1.14411103999219,-0.147869393787299,0.81945718273763
"987",1,1,"SelfPa",3,29.857124,0.0694790170948452,-1.14411103999219,-0.173685457557536,0.690402709690882
"988",1,1,"SelfPa",3,29.858792,0.0694790170948452,-0.941261383056574,-0.199867242510267,0.577208026334614
"989",1,1,"SelfPa",3,29.860457,0.0694790170948452,-0.703133524914762,-0.250686102721162,0.491490846803609
"990",1,1,"SelfPa",3,29.862125,0.0694790170948452,-0.703133524914762,-0.344289732641155,0.427450983327207
"991",1,1,"SelfPa",3,29.863793,0.0694790170948452,-0.703133524914762,-0.455691135521227,0.364742927540099
"992",1,1,"SelfPa",3,29.865459,0.0694790170948452,-0.703133524914762,-0.558814965932262,0.313850104644443
"993",1,1,"SelfPa",3,29.867125,0.086173209774107,-0.703133524914762,-0.637184100093874,0.276969955659392
"994",1,1,"SelfPa",3,29.868792,0.0906109065622648,-0.766650053600125,-0.703491736242929,0.248959085216493
"995",1,1,"SelfPa",3,29.870459,0.0906109065622648,-0.835459626342601,-0.813568849019823,0.217133457997712
"996",1,1,"SelfPa",3,29.872123,0.0906109065622648,-0.835459626342601,-1.00903265978642,0.167081393430134
"997",1,1,"SelfPa",3,29.873791,0.0906109065622648,-0.835459626342601,-1.22256394984493,0.101360251593279
"998",1,1,"SelfPa",3,29.875458,0.0906109065622648,-0.835459626342601,-1.40560074249127,0.0409515918059742
"999",1,1,"SelfPa",3,29.877124,0.0906109065622648,-0.835459626342601,-1.52655808440078,-0.000707861761386522
"1000",1,1,"SelfPa",3,29.878792,0.0906109065622648,-0.883392957825775,-1.58315795501115,-0.0245752458818455
"1001",1,1,"SelfPa",3,29.880459,0.0906109065622648,-0.939662520871237,-1.6061465063486,-0.0410779293209713
"1002",1,1,"SelfPa",3,29.882126,0.0906109065622648,-0.939662520871237,-1.64584283396908,-0.0776439233635316
"1003",1,1,"SelfPa",3,29.883793,0.133044750902383,-0.939662520871237,-1.74454261658138,-0.214706002414753
"1004",1,1,"SelfPa",3,29.885459,0.144324633575074,-0.939662520871237,-1.86166650680663,-0.514273076467542
"1005",1,1,"SelfPa",3,29.887125,0.144324633575074,-0.939662520871237,-1.8593009125873,-0.81474083142096
"1006",1,1,"SelfPa",3,29.888792,0.144324633575074,-0.758925712946566,-1.53943245690644,-0.864351316018827
"1007",1,1,"SelfPa",3,29.890458,0.144324633575074,-0.622580401705147,-0.82014780037729,-0.500366598548292
"1008",1,1,"SelfPa",3,29.892123,0.144324633575074,-0.622580401705147,-0.0234006302942149,0.100254662824686
"1009",1,1,"SelfPa",3,29.893792,0.144324633575074,-0.622580401705147,0.618669844741576,0.545859340070489
"1010",1,1,"SelfPa",3,29.895458,0.144324633575074,-0.622580401705147,1.01156228105101,0.707212661247991
"1011",1,1,"SelfPa",3,29.897125,0.144324633575074,-0.622580401705147,1.18579781200768,0.699039042262155
"1012",1,1,"SelfPa",3,29.898792,0.144324633575074,-0.172671656850497,1.21522892954147,0.627408439792141
"1013",1,1,"SelfPa",3,29.90046,-0.0870214972727164,-0.0932759959937947,1.16760153039101,0.547802038029833
"1014",1,1,"SelfPa",3,29.902126,-0.0870214972727164,-0.0932759959937947,1.08392898875849,0.470071283177504
"1015",1,1,"SelfPa",3,29.903792,-0.0870214972727164,-0.0932759959937947,0.978114937474109,0.388935242457866
"1016",1,1,"SelfPa",3,29.905458,-0.0870214972727164,-0.0932759959937947,0.818958482749983,0.317830966997648
"1017",1,1,"SelfPa",3,29.907124,-0.0870214972727164,-0.0932759959937947,0.62908211939285,0.245924881130289
"1018",1,1,"SelfPa",3,29.908792,-0.0870214972727164,-0.0932759959937947,0.468505129627685,0.176561965694509
"1019",1,1,"SelfPa",3,29.910457,-0.0870214972727164,-0.0932759959937947,0.361345757116319,0.12548201553117
"1020",1,1,"SelfPa",3,29.912123,-0.0870214972727164,-0.0932759959937947,0.301198850941888,0.090650441885694
"1021",1,1,"SelfPa",3,29.913792,-0.0870214972727164,-0.0932759959937947,0.267309710044451,0.0708733500236895
"1022",1,1,"SelfPa",3,29.915459,-0.0870214972727164,-0.0932759959937947,0.229932660264042,0.0636145594436856
"1023",1,1,"SelfPa",3,29.917125,-0.0870214972727164,-0.0673034792773735,0.192113429907997,0.0590403051419261
"1024",1,1,"SelfPa",3,29.918792,-3.15443908400465,-0.0355592921795249,0.152449113670035,0.0471083307367502
"1025",1,1,"SelfPa",3,29.92046,-3.15443908400465,-0.0355592921795249,0.0999046473557324,0.0304042267786972
"1026",1,1,"SelfPa",3,29.922125,-3.15443908400465,-0.0355592921795249,0.0438395996608866,0.00715850068096058
"1027",1,1,"SelfPa",3,29.923791,-3.15443908400465,-0.0355592921795249,-0.000955448461102666,-0.0320741991303421
"1028",1,1,"SelfPa",3,29.925458,-3.15443908400465,-0.0355592921795249,-0.0306810975419129,-0.0797208854645339
"1029",1,1,"SelfPa",3,29.927124,-3.15443908400465,0.00982574516125702,-0.0826583463030687,-0.121387331184306
"1030",1,1,"SelfPa",3,29.928791,-3.15443908400465,0.0226266531291698,-0.200253084585693,-0.162177888571677
"1031",1,1,"SelfPa",3,29.930457,-3.15443908400465,0.0226266531291698,-0.324488072047033,-0.23738663041689
"1032",1,1,"SelfPa",3,29.932125,-3.15443908400465,0.0226266531291698,-0.419100151539428,-0.385532966704194
"1033",1,1,"SelfPa",3,29.933792,-0.506660312200169,0.0226266531291698,-0.48417388830146,-0.536444947543248
"1034",1,1,"SelfPa",3,29.935459,0.197179614482035,0.026136579507469,-0.526542653758487,-0.651119696294886
"1035",1,1,"SelfPa",3,29.937125,0.197179614482035,0.051876039614994,-0.548843942462999,-0.730489434358531
"1036",1,1,"SelfPa",3,29.938793,0.197179614482035,0.051876039614994,-0.564165916198748,-0.783236688114885
"1037",1,1,"SelfPa",3,29.94046,0.197179614482035,0.051876039614994,-0.567358833628573,-0.864104119529741
"1038",1,1,"SelfPa",3,29.942123,0.197179614482035,0.051876039614994,-0.405933422459462,-1.01924079103305
"1039",1,1,"SelfPa",3,29.943792,0.197179614482035,0.051876039614994,-0.0292277941895266,-1.18536985300586
"1040",1,1,"SelfPa",3,29.945458,0.197179614482035,0.0806937239259436,0.402448525571408,-1.30219261968312
"1041",1,1,"SelfPa",3,29.947124,0.197179614482035,0.110687640249587,0.740700856660727,-1.34264084980724
"1042",1,1,"SelfPa",3,29.948791,0.197179614482035,0.110687640249587,0.913724918235303,-1.32813685015964
"1043",1,1,"SelfPa",3,29.950459,-0.474033348388826,0.110687640249587,0.925477052728334,-1.30148865889901
"1044",1,1,"SelfPa",3,29.952126,-0.652457047379816,0.110687640249587,0.836078392408542,-1.28924967217219
"1045",1,1,"SelfPa",3,29.953792,-0.652457047379816,0.110687640249587,0.700357604006955,-1.29276148969121
"1046",1,1,"SelfPa",3,29.955459,-0.652457047379816,0.395986468859961,0.562046394360964,-1.31032972113733
"1047",1,1,"SelfPa",3,29.957126,-0.652457047379816,0.41100219668156,0.412282276643982,-1.3449993846474
"1048",1,1,"SelfPa",3,29.958793,-0.652457047379816,0.41100219668156,0.238616262771081,-1.38713610209782
"1049",1,1,"SelfPa",3,29.960457,-0.652457047379816,0.41100219668156,0.0956093157835095,-1.43014461050943
"1050",1,1,"SelfPa",3,29.962124,-0.652457047379816,0.41100219668156,9.37123846665509e-05,-1.45749572084961
"1051",1,1,"SelfPa",3,29.963792,-0.652457047379816,0.366092657388462,-0.0727576214011613,-1.46390347701027
"1052",1,1,"SelfPa",3,29.965458,-0.652457047379816,0.289625063456972,-0.146992506110543,-1.47277845251884
"1053",1,1,"SelfPa",3,29.967123,-0.742086904170951,0.289625063456972,-0.234057334477709,-1.5015355167631
"1054",1,1,"SelfPa",3,29.968793,-0.765912562305303,0.289625063456972,-0.32229749127071,-1.54473512008667
"1055",1,1,"SelfPa",3,29.97046,-0.765912562305303,0.289625063456972,-0.387719712316956,-1.58529215046352
"1056",1,1,"SelfPa",3,29.972125,-0.765912562305303,0.289625063456972,-0.426220130712545,-1.58177743932076
"1057",1,1,"SelfPa",3,29.973792,-0.765912562305303,0.415813486137731,-0.450363554234676,-1.55182750762483
"1058",1,1,"SelfPa",3,29.975459,-0.765912562305303,0.441659307650657,-0.480755664777678,-1.54157435700011
"1059",1,1,"SelfPa",3,29.977125,-0.765912562305303,0.441659307650657,-0.561952416767236,-1.55437088714966
"1060",1,1,"SelfPa",3,29.978791,-0.765912562305303,0.441659307650657,-0.668181466259043,-1.58644601186713
"1061",1,1,"SelfPa",3,29.980457,-0.765912562305303,0.441659307650657,-0.757009785496595,-1.65830661112671
"1062",1,1,"SelfPa",3,29.982124,-0.765912562305303,0.43276874546962,-0.810826131778675,-1.76008207136244
"1063",1,1,"SelfPa",3,29.983792,-0.955148885058448,0.41100219668156,-0.81347531561182,-1.82041239022225
"1064",1,1,"SelfPa",3,29.985457,-1.00545221135992,0.41100219668156,-0.733082651992112,-1.83496291933964
"1065",1,1,"SelfPa",3,29.987125,-1.00545221135992,0.41100219668156,-0.544235807656695,-1.79368120983269
"1066",1,1,"SelfPa",3,29.988793,-1.00545221135992,0.41100219668156,-0.249770745813394,-1.64425447976275
"1067",1,1,"SelfPa",3,29.990459,-1.00545221135992,0.41100219668156,0.07794547131934,-1.58140184695896
"1068",1,1,"SelfPa",3,29.992125,-1.00545221135992,0.41100219668156,0.379249615089042,-1.40395928330268
"1069",1,1,"SelfPa",3,29.993792,-1.00545221135992,0.41100219668156,0.621799026847694,-0.991124120446523
"1070",1,1,"SelfPa",3,29.995459,-1.00545221135992,0.41100219668156,0.784717992736433,-0.804815192705925
"1071",1,1,"SelfPa",3,29.997123,-1.00545221135992,0.41100219668156,0.868894802271346,-0.747850470770179
"1072",1,1,"SelfPa",3,29.998791,-1.00545221135992,0.41100219668156,0.888045293281904,-0.764505023157813
"1073",1,1,"SelfPa",3,30.000458,-0.747656630384524,-0.782244825425846,0.868294816406852,-0.862020096986806
"1074",1,1,"SelfPa",3,30.002124,-0.6791286911379,-0.0782368133294117,0.839607788656465,-1.10560795947812
"1075",1,1,"SelfPa",3,30.003792,-0.6791286911379,-0.0782368133294117,0.820034279825444,-1.48263390349638
"1076",1,1,"SelfPa",3,30.005459,-0.6791286911379,-0.0782368133294117,0.759221180467393,-1.90413082808926
"1077",1,1,"SelfPa",3,30.007126,-0.6791286911379,-0.0782368133294117,0.602698933883242,-2.04280300041235
"1078",1,1,"SelfPa",3,30.008793,-0.6791286911379,-0.0782368133294117,0.382951092878426,-1.70956345188919
"1079",1,1,"SelfPa",3,30.010459,-0.6791286911379,-0.0782368133294117,0.177043168542834,-1.05671798719217
"1080",1,1,"SelfPa",3,30.012125,-0.6791286911379,0.169968482378608,-0.0162135048269688,-0.433200672321252
"1081",1,1,"SelfPa",3,30.013792,-0.6791286911379,0.169968482378608,-0.211431294561266,-0.0496754410361137
"1082",1,1,"SelfPa",3,30.015458,-0.6791286911379,0.169968482378608,-0.382213888663155,0.102052567162254
"1083",1,1,"SelfPa",3,30.017123,-0.348370841759513,0.169968482378608,-0.506969413206038,0.122002748651846
"1084",1,1,"SelfPa",3,30.018792,-0.260447869139942,0.169968482378608,-0.583236230241658,0.0755147375537278
"1085",1,1,"SelfPa",3,30.020458,-0.260447869139942,0.0432545092240902,-0.619926553946279,0.000786354611534989
"1086",1,1,"SelfPa",3,30.022125,-0.260447869139942,0.0226266531291698,-0.632043729343994,-0.0851464068329943
"1087",1,1,"SelfPa",3,30.023792,-0.260447869139942,0.0226266531291698,-0.641394713125474,-0.183378370156979
"1088",1,1,"SelfPa",3,30.02546,-0.260447869139942,0.0226266531291698,-0.677514896956783,-0.272476042987066
"1089",1,1,"SelfPa",3,30.027126,-0.260447869139942,0.0226266531291698,-0.725769780525415,-0.329235815340369
"1090",1,1,"SelfPa",3,30.028792,-0.260447869139942,0.0194764785632639,-0.767480592783548,-0.3538238159432
"1091",1,1,"SelfPa",3,30.030458,-0.260447869139942,-0.292390803461451,-0.795828947580369,-0.366854474977017
"1092",1,1,"SelfPa",3,30.032124,-0.260447869139942,-0.292390803461451,-0.814528002404541,-0.371591093979325
"1093",1,1,"SelfPa",3,30.033792,-0.155720077136884,-0.292390803461451,-0.831645037649824,-0.439442195585137
"1094",1,1,"SelfPa",3,30.035457,-0.127881043819615,-0.292390803461451,-0.908423481085832,-0.534308006409308
"1095",1,1,"SelfPa",3,30.037123,-0.127881043819615,-0.292390803461451,-1.07287827473211,-0.621469937551529
"1096",1,1,"SelfPa",3,30.038792,-0.127881043819615,-0.292390803461451,-1.24526297258999,-0.66078390189202
"1097",1,1,"SelfPa",3,30.040459,-0.127881043819615,-0.292390803461451,-1.3773373227742,-0.662263932563906
"1098",1,1,"SelfPa",3,30.042125,-0.127881043819615,-0.292390803461451,-1.46018607097572,-0.632928571827434
"1099",1,1,"SelfPa",3,30.043792,-0.127881043819615,-0.292390803461451,-1.50636188184038,-0.641377733240539
"1100",1,1,"SelfPa",3,30.04546,-0.127881043819615,-0.292390803461451,-1.53646461561751,-0.72485552578262
"1101",1,1,"SelfPa",3,30.047125,-0.127881043819615,-0.292390803461451,-1.57912581429986,-0.831798187808065
"1102",1,1,"SelfPa",3,30.048791,-0.127881043819615,-0.292390803461451,-1.69886085028923,-1.01625575192913
"1103",1,1,"SelfPa",3,30.050458,-0.0711074865645605,-0.0782368133294117,-1.86242670288576,-1.22886981447392
"1104",1,1,"SelfPa",3,30.052124,-0.0560157814714437,-0.0782368133294117,-1.99991047434472,-1.39169946248492
"1105",1,1,"SelfPa",3,30.053791,-0.0560157814714437,-0.0782368133294117,-2.06455442883371,-1.48170829113358
"1106",1,1,"SelfPa",3,30.055457,-0.0560157814714437,-0.0782368133294117,-1.91298280339771,-1.44091051126135
"1107",1,1,"SelfPa",3,30.057125,-0.0560157814714437,-0.0782368133294117,-1.39333751844243,-1.18260006478491
"1108",1,1,"SelfPa",3,30.058792,-0.0560157814714437,-0.0782368133294117,-0.598274240689863,-0.571174173404435
"1109",1,1,"SelfPa",3,30.060459,-0.0560157814714437,-2.52582687495557,0.239244705327008,0.319780808735288
"1110",1,1,"SelfPa",3,30.062125,-0.0560157814714437,-1.04256718059863,0.935597286990758,1.18580512271878
"1111",1,1,"SelfPa",3,30.063793,-0.0560157814714437,-1.04256718059863,1.41922412346938,1.76871881987059
"1112",1,1,"SelfPa",3,30.06546,-0.0560157814714437,-1.04256718059863,1.71162496374398,2.02935700145607
"1113",1,1,"SelfPa",3,30.067123,0.219511559536981,-1.04256718059863,1.85020473940373,2.07133075001731
"1114",1,1,"SelfPa",3,30.068792,0.29275300461517,-1.04256718059863,1.89258585525646,1.97227969440774
"1115",1,1,"SelfPa",3,30.070458,0.29275300461517,-0.423073464761981,1.88219676753895,1.82067869545758
"1116",1,1,"SelfPa",3,30.072124,0.29275300461517,-0.403913865303115,1.85888364703575,1.69043414441246
"1117",1,1,"SelfPa",3,30.073791,0.29275300461517,-0.403913865303115,1.84538358182953,1.59047796329619
"1118",1,1,"SelfPa",3,30.075459,0.29275300461517,-0.403913865303115,1.84232769726196,1.52053919318153
"1119",1,1,"SelfPa",3,30.077126,0.29275300461517,-0.403913865303115,1.82485691755616,1.47713182767324
"1120",1,1,"SelfPa",3,30.078792,0.29275300461517,-0.297091039097275,1.75066304114285,1.46411376168995
"1121",1,1,"SelfPa",3,30.080459,0.29275300461517,-0.0355592921795249,1.58738975591095,1.49535772192358
"1122",1,1,"SelfPa",3,30.082126,0.29275300461517,-0.0355592921795249,1.34528769867183,1.53425809483529
"1123",1,1,"SelfPa",3,30.083793,0.657285001573357,-0.0355592921795249,1.05959238550145,1.52785867231101
"1124",1,1,"SelfPa",3,30.085457,0.754185912157179,-0.0355592921795249,0.777572297145873,1.48004894764067
"1125",1,1,"SelfPa",3,30.087124,0.754185912157179,-0.0355592921795249,0.520061276843895,1.33049327769676
"1126",1,1,"SelfPa",3,30.088792,0.754185912157179,0.0380506210509172,0.292608954307649,1.11120028014865
"1127",1,1,"SelfPa",3,30.090458,0.754185912157179,0.0812818399322895,0.142454874522879,0.921514620819839
"1128",1,1,"SelfPa",3,30.092123,0.754185912157179,0.0812818399322895,0.0433078332048119,0.787956558078026
"1129",1,1,"SelfPa",3,30.093793,0.754185912157179,0.0812818399322895,-0.0322225495680989,0.691868573180923
"1130",1,1,"SelfPa",3,30.09546,0.754185912157179,0.0812818399322895,-0.0749658414936222,0.620442862420878
"1131",1,1,"SelfPa",3,30.097125,0.754185912157179,0.0884143106475478,-0.0920124536136414,0.571997987339021
"1132",1,1,"SelfPa",3,30.098792,0.754185912157179,0.259593607813773,-0.103991187686603,0.547929207006074
"1133",1,1,"SelfPa",3,30.100459,0.438392976535104,0.259593607813773,-0.137697324272129,0.546233693961322
"1134",1,1,"SelfPa",3,30.102125,0.354448018964678,0.259593607813773,-0.180647669767307,0.553135866249136
"1135",1,1,"SelfPa",3,30.103791,0.354448018964678,0.259593607813773,-0.239656978980841,0.564859220799513
"1136",1,1,"SelfPa",3,30.105457,0.354448018964678,0.259593607813773,-0.32661403601291,0.568077022997289
"1137",1,1,"SelfPa",3,30.107124,0.354448018964678,0.430835470512589,-0.422071010962298,0.558543690214787
"1138",1,1,"SelfPa",3,30.108792,0.354448018964678,0.565382648347373,-0.507039577634107,0.551818376210122
"1139",1,1,"SelfPa",3,30.110457,0.354448018964678,0.565382648347373,-0.57198168543085,0.549603515576041
"1140",1,1,"SelfPa",3,30.112125,0.354448018964678,0.565382648347373,-0.613008387329275,0.537703325891503
"1141",1,1,"SelfPa",3,30.113793,0.354448018964678,0.565382648347373,-0.63615782915916,0.508300821509708
"1142",1,1,"SelfPa",3,30.115459,0.354448018964678,0.589925542644112,-0.687357050897502,0.427065992475497
"1143",1,1,"SelfPa",3,30.117125,-0.0833521957444089,0.75417414293768,-0.762559520603877,0.299788227555719
"1144",1,1,"SelfPa",3,30.118792,-0.19972946800885,0.75417414293768,-0.618642984697845,0.311208087273473
"1145",1,1,"SelfPa",3,30.120459,-0.19972946800885,0.75417414293768,-0.212074770298627,0.587720005815867
"1146",1,1,"SelfPa",3,30.122123,-0.19972946800885,0.75417414293768,0.284605342167955,1.02003278668096
"1147",1,1,"SelfPa",3,30.123791,-0.19972946800885,0.75417414293768,0.72710085768628,1.42843557770961
"1148",1,1,"SelfPa",3,30.125458,-0.19972946800885,1.17150970738766,1.01683433825445,1.69224196478191
"1149",1,1,"SelfPa",3,30.127124,-0.19972946800885,1.24515715993766,1.14233955768662,1.77354029149553
"1150",1,1,"SelfPa",3,30.128792,-0.19972946800885,1.24515715993766,1.1367216127523,1.67954011400122
"1151",1,1,"SelfPa",3,30.130459,-0.19972946800885,1.24515715993766,1.05821755363151,1.50186386129148
"1152",1,1,"SelfPa",3,30.132126,-0.19972946800885,1.24515715993766,0.952696884128833,1.32872026183368
"1153",1,1,"SelfPa",3,30.133793,-0.118865725142522,1.30514186430832,0.846742274035249,1.19859535634307
"1154",1,1,"SelfPa",3,30.135459,-0.0973702998236265,1.3468261503964,0.72577891502061,1.11652695533007
"1155",1,1,"SelfPa",3,30.137125,-0.0973702998236265,1.3468261503964,0.57474526477336,1.05631261290987
"1156",1,1,"SelfPa",3,30.138792,-0.0973702998236265,1.3468261503964,0.422250167002774,0.979129215924698
"1157",1,1,"SelfPa",3,30.140458,-0.0973702998236265,1.3468261503964,0.279008572078098,0.915093079435677
"1158",1,1,"SelfPa",3,30.142123,-0.0973702998236265,1.33557373936009,0.165299944730959,0.848651299911976
"1159",1,1,"SelfPa",3,30.143792,-0.0973702998236265,1.31272793513485,0.0757700195382264,0.788588791716803
"1160",1,1,"SelfPa",3,30.145458,-0.0973702998236265,1.31272793513485,0.00452941113853809,0.744043560756942
"1161",1,1,"SelfPa",3,30.147125,-0.0973702998236265,1.31272793513485,-0.0357808815763348,0.695418447639404
"1162",1,1,"SelfPa",3,30.148792,-0.0973702998236265,1.31272793513485,-0.0543167272146915,0.655009547649193
"1163",1,1,"SelfPa",3,30.15046,0.195037463901918,1.30934939637499,-0.0852635228689562,0.631580107694935
"1164",1,1,"SelfPa",3,30.152126,0.272766109955545,1.24515715993766,-0.170074427972572,0.626331085800281
"1165",1,1,"SelfPa",3,30.153792,0.272766109955545,1.24515715993766,-0.286075601116315,0.638549307883124
"1166",1,1,"SelfPa",3,30.155458,0.272766109955545,1.24515715993766,-0.403582487747844,0.653462361757488
"1167",1,1,"SelfPa",3,30.157124,0.272766109955545,1.24515715993766,-0.457866558558208,0.779457950422407
"1168",1,1,"SelfPa",3,30.158792,0.272766109955545,1.24515715993766,-0.269005466714319,1.13266956780515
"1169",1,1,"SelfPa",3,30.160457,0.272766109955545,1.08013118290166,0.139759058125019,1.69359189813033
"1170",1,1,"SelfPa",3,30.162123,0.272766109955545,1.01272620636583,0.578019892191246,2.34659596813193
"1171",1,1,"SelfPa",3,30.163792,0.272766109955545,1.01272620636583,0.906935649890977,2.91999019874621
"1172",1,1,"SelfPa",3,30.165459,0.272766109955545,1.01272620636583,1.08099603326536,3.29743691038014
"1173",1,1,"SelfPa",3,30.167125,0.281279483114691,1.01272620636583,1.12366296161151,3.48655756073696
"1174",1,1,"SelfPa",3,30.168792,0.283542531675984,1.03768985386924,1.07727682992744,-0.129497958702932
"1175",1,1,"SelfPa",3,30.17046,0.283542531675984,1.07842001558532,0.965123930859088,-0.129497958702932
"1176",1,1,"SelfPa",3,30.172125,0.283542531675984,1.07842001558532,0.788913965423079,3.48134000989413
"1177",1,1,"SelfPa",3,30.173791,0.283542531675984,1.07842001558532,0.568435352749708,3.38057083625114
"1178",1,1,"SelfPa",3,30.175458,0.283542531675984,1.07842001558532,0.357378012843794,3.25779796894436
"1179",1,1,"SelfPa",3,30.177124,0.283542531675984,1.07710926767756,0.186004822627446,3.15397046649529
"1180",1,1,"SelfPa",3,30.178791,0.283542531675984,0.947345224809287,0.0687466781394515,3.08294056873975
"1181",1,1,"SelfPa",3,30.180457,0.283542531675984,0.947345224809287,0.00467591040184234,3.03705695577746
"1182",1,1,"SelfPa",3,30.182125,0.283542531675984,0.947345224809287,-0.0256107283366829,3.00418874666461
"1183",1,1,"SelfPa",3,30.183792,0.449978976937288,0.947345224809287,-0.0485993275810156,2.97445109120644
"1184",1,1,"SelfPa",3,30.185459,0.494221576310548,0.947345224809287,-0.0723211896520765,2.92579747010779
"1185",1,1,"SelfPa",3,30.187125,0.494221576310548,0.637218828728888,-0.0852034476314862,2.87935226264952
"1186",1,1,"SelfPa",3,30.188793,0.494221576310548,-0.122056140985192,-0.087440220229156,2.85015108503325
"1187",1,1,"SelfPa",3,30.19046,0.494221576310548,-0.122056140985192,-0.0804065309425871,2.8292535658538
"1188",1,1,"SelfPa",3,30.192123,0.494221576310548,-0.122056140985192,-0.0692778566891383,2.79320757914678
"1189",1,1,"SelfPa",3,30.193792,0.494221576310548,-0.122056140985192,-0.0631063955716177,2.67807688788926
"1190",1,1,"SelfPa",3,30.195458,0.494221576310548,-0.122056140985192,-0.0852808651623885,2.43392067139692
"1191",1,1,"SelfPa",3,30.197124,0.494221576310548,-0.164514988366739,-0.139831384502068,2.1683054569741
"1192",1,1,"SelfPa",3,30.198791,0.494221576310548,-1.53735105370345,-0.209826605443006,1.93758178912994
"1193",1,1,"SelfPa",3,30.200459,0.242611493021099,-1.53735105370345,-0.293324191120781,1.69824692851759
"1194",1,1,"SelfPa",3,30.202126,0.175727799994789,-1.53735105370345,-0.360029444858316,1.43105677256413
"1195",1,1,"SelfPa",3,30.203792,0.175727799994789,-1.53735105370345,-0.383012199462321,1.17090951160834
"1196",1,1,"SelfPa",3,30.205459,0.175727799994789,-1.53735105370345,-0.353011861867471,0.969203704529108
"1197",1,1,"SelfPa",3,30.207126,0.175727799994789,-1.53735105370345,-0.348093683263832,0.831707037915228
"1198",1,1,"SelfPa",3,30.208793,0.175727799994789,-1.76152648525003,-0.394325046955746,0.762252278456749
"1199",1,1,"SelfPa",3,30.210457,0.175727799994789,-1.91097677294775,-0.456740871249651,0.743880881230131
"1200",1,1,"SelfPa",3,30.212124,0.175727799994789,-1.91097677294775,-0.511188802779507,0.743863276423281
"1201",1,1,"SelfPa",3,30.213792,0.175727799994789,-1.91097677294775,-0.556031307464685,0.742326750641444
"1202",1,1,"SelfPa",3,30.215458,0.175727799994789,-1.91097677294775,-0.58552862273622,0.735721603043564
"1203",1,1,"SelfPa",3,30.217123,0.210273472017137,-1.91097677294775,-0.43204763953745,0.812671669784624
"1204",1,1,"SelfPa",3,30.218793,0.219456498757254,-1.92164028590856,-0.0596642856735113,1.06743211448314
"1205",1,1,"SelfPa",3,30.22046,0.219456498757254,-2.26642720497466,0.362070300889443,1.36291969991108
"1206",1,1,"SelfPa",3,30.222125,0.219456498757254,-2.26642720497466,0.693112453717043,1.5100128844755
"1207",1,1,"SelfPa",3,30.223792,0.219456498757254,-2.26642720497466,0.895020248723865,1.43723049243647
"1208",1,1,"SelfPa",3,30.225459,0.219456498757254,-2.26642720497466,0.983711707563965,1.25968948770047
"1209",1,1,"SelfPa",3,30.227125,0.219456498757254,-2.26642720497466,0.979196483376123,1.08494860793673
"1210",1,1,"SelfPa",3,30.228791,0.219456498757254,-2.26642720497466,0.913108356587584,0.963502559711914
"1211",1,1,"SelfPa",3,30.230457,0.219456498757254,-2.07012033860964,0.815557764403052,0.901031005580539
"1212",1,1,"SelfPa",3,30.232124,0.219456498757254,-1.93370370266107,0.713182277907067,0.890501374994456
"1213",1,1,"SelfPa",3,30.233792,0.827364550902527,-1.93370370266107,0.619026846870465,0.896082364979361
"1214",1,1,"SelfPa",3,30.235457,0.988960362232283,-1.93370370266107,0.541154871229084,0.897011345520193
"1215",1,1,"SelfPa",3,30.237125,0.988960362232283,-1.93370370266107,0.483969760494325,0.919179825268873
"1216",1,1,"SelfPa",3,30.238793,0.988960362232283,-1.93370370266107,0.437510139644158,0.978150870162817
"1217",1,1,"SelfPa",3,30.240459,0.988960362232283,-1.943192078506,0.375445904000804,1.03946018295622
"1218",1,1,"SelfPa",3,30.242125,0.988960362232283,-2.00147781583918,0.286941761092529,1.05694152466859
"1219",1,1,"SelfPa",3,30.243792,0.988960362232283,-2.00147781583918,0.204823510532169,1.02097937202864
"1220",1,1,"SelfPa",3,30.245459,0.988960362232283,-2.00147781583918,0.144428925747115,0.937607636583977
"1221",1,1,"SelfPa",3,30.247123,0.988960362232283,-2.00147781583918,0.0777794260457583,0.829912667108932
"1222",1,1,"SelfPa",3,30.248791,0.988960362232283,-2.00147781583918,-0.0093479687170507,0.714478515742275
"1223",1,1,"SelfPa",3,30.250458,0.914548159963123,-2.00147781583918,-0.106450727313169,0.613318228339729
"1224",1,1,"SelfPa",3,30.252124,0.89476770113208,-1.863036559256,-0.231726856007239,0.553167510918386
"1225",1,1,"SelfPa",3,30.253792,0.89476770113208,-1.81931826770341,-0.354774835343467,0.521242970380485
"1226",1,1,"SelfPa",3,30.255459,0.89476770113208,-1.81931826770341,-0.446328519947357,0.484348550043135
"1227",1,1,"SelfPa",3,30.257126,0.89476770113208,-1.81931826770341,-0.508466513035374,0.443293249232303
"1228",1,1,"SelfPa",3,30.258793,0.89476770113208,-1.81931826770341,-0.550949373536707,0.405971232327256
"1229",1,1,"SelfPa",3,30.260459,0.89476770113208,-1.81931826770341,-0.579926228377721,0.373880829276427
"1230",1,1,"SelfPa",3,30.262125,0.89476770113208,-1.85706546123944,-0.609657492145797,0.33685925153733
"1231",1,1,"SelfPa",3,30.263792,0.89476770113208,-1.93370370266107,-0.63854084232294,0.297004885601159
"1232",1,1,"SelfPa",3,30.265458,0.89476770113208,-1.93370370266107,-0.667216573629151,0.248552888732547
"1233",1,1,"SelfPa",3,30.267123,0.446325769974061,-1.93370370266107,-0.688596861994496,0.12271625899618
"1234",1,1,"SelfPa",3,30.268792,0.327119687008004,-1.93370370266107,-0.770431005546648,-0.0697351751206023
"1235",1,1,"SelfPa",3,30.270458,0.327119687008004,-1.93370370266107,-0.906479055481094,-0.222339219804908
"1236",1,1,"SelfPa",3,30.272125,0.327119687008004,-1.88442708919319,-0.770682420894529,-0.24628792632703
"1237",1,1,"SelfPa",3,30.273792,0.327119687008004,-1.44093756798227,-0.329909052602302,-0.0614272815760627
"1238",1,1,"SelfPa",3,30.27546,0.327119687008004,-1.44093756798227,0.222812546951639,0.387049041414095
"1239",1,1,"SelfPa",3,30.277126,0.327119687008004,-1.44093756798227,0.681594967161115,0.924948044284422
"1240",1,1,"SelfPa",3,30.278792,0.327119687008004,-1.44093756798227,0.964702541872814,1.31033803087977
"1241",1,1,"SelfPa",3,30.280458,0.327119687008004,-1.44093756798227,1.10189368847889,1.46548996914195
"1242",1,1,"SelfPa",3,30.282124,0.327119687008004,-1.39348880654901,1.14198236393018,1.47514703327568
"1243",1,1,"SelfPa",3,30.283792,0.294742264712128,-0.913729107612684,1.12822388897044,1.41240968244181
"1244",1,1,"SelfPa",3,30.285457,0.286135608152464,-0.913729107612684,1.08196375240164,1.31368354605505
"1245",1,1,"SelfPa",3,30.287123,0.286135608152464,-0.913729107612684,1.01996629896006,1.21352978830964
"1246",1,1,"SelfPa",3,30.288792,0.286135608152464,-0.913729107612684,0.955328313669309,1.12941617403534
"1247",1,1,"SelfPa",3,30.290459,0.286135608152464,-0.913729107612684,0.897614215077976,1.07341227407609
"1248",1,1,"SelfPa",3,30.292125,0.286135608152464,-0.901164697357962,0.853698354163363,1.0439354382876
"1249",1,1,"SelfPa",3,30.293792,0.286135608152464,-0.809025688823329,0.824049643544576,1.03049194016717
"1250",1,1,"SelfPa",3,30.29546,0.286135608152464,-0.809025688823329,0.797928221270643,1.00230438737344
"1251",1,1,"SelfPa",3,30.297125,0.286135608152464,-0.809025688823329,0.742671458589032,0.898466664645316
"1252",1,1,"SelfPa",3,30.298791,0.286135608152464,-0.809025688823329,0.63163459838201,0.723609426483641
"1253",1,1,"SelfPa",3,30.300458,-0.0331025831699525,-0.809025688823329,0.49099635956148,0.59212830269384
"1254",1,1,"SelfPa",3,30.302124,-0.117963368205025,-0.804558509796404,0.347755052078132,0.524157127277203
"1255",1,1,"SelfPa",3,30.303791,-0.117963368205025,-0.78274816513553,0.208566379872729,0.483956521898482
"1256",1,1,"SelfPa",3,30.305457,-0.117963368205025,-0.78274816513553,0.105288040166728,0.456228314512158
"1257",1,1,"SelfPa",3,30.307125,-0.117963368205025,-0.78274816513553,0.0403279289614993,0.435946257528275
"1258",1,1,"SelfPa",3,30.308792,-0.117963368205025,-0.78274816513553,-0.0066956517734354,0.424716948721221
"1259",1,1,"SelfPa",3,30.310459,-0.117963368205025,-0.78274816513553,-0.0474097037398218,0.415289221630831
"1260",1,1,"SelfPa",3,30.312125,-0.117963368205025,-0.61167522937471,-0.0928398055682733,0.410792854420627
"1261",1,1,"SelfPa",3,30.313793,-0.117963368205025,-0.320388879295474,-0.141705885213175,0.410658520831999
"1262",1,1,"SelfPa",3,30.31546,-0.117963368205025,-0.320388879295474,-0.173208975650138,0.40923867753396
"1263",1,1,"SelfPa",3,30.317123,-0.575038391832241,-0.320388879295474,-0.177437333393028,0.403880299810824
"1264",1,1,"SelfPa",3,30.318792,-0.696539347479982,-0.320388879295474,-0.170946620774311,0.393467224389094
"1265",1,1,"SelfPa",3,30.320458,-0.696539347479982,-0.320388879295474,-0.194539230061724,0.365414097779957
"1266",1,1,"SelfPa",3,30.322124,-0.696539347479982,-0.126704760056628,-0.265522961728307,0.324743498458461
"1267",1,1,"SelfPa",3,30.323791,-0.696539347479982,-0.0355592921795249,-0.354415504939824,0.271901075732111
"1268",1,1,"SelfPa",3,30.325459,-0.696539347479982,-0.0355592921795249,-0.274706942098446,0.201012246763826
"1269",1,1,"SelfPa",3,30.327126,-0.696539347479982,-0.0355592921795249,0.104334214027948,0.200153908838147
"1270",1,1,"SelfPa",3,30.328792,-0.696539347479982,-0.0355592921795249,0.637611557534515,0.414780811939249
"1271",1,1,"SelfPa",3,30.330459,-0.696539347479982,0.000210986940489652,1.13665463892296,0.846019745884459
"1272",1,1,"SelfPa",3,30.332126,-0.696539347479982,0.289625063456972,1.49514331854477,1.27344745327475
"1273",1,1,"SelfPa",3,30.333793,-0.766136173056002,0.289625063456972,1.69906090331423,1.52750877532805
"1274",1,1,"SelfPa",3,30.335457,-0.784636595044563,0.289625063456972,1.77781005407369,1.59198195317267
"1275",1,1,"SelfPa",3,30.337124,-0.784636595044563,0.289625063456972,1.77925377604849,1.45285062063409
"1276",1,1,"SelfPa",3,30.338792,-0.784636595044563,0.289625063456972,1.74010762071043,1.18358669714025
"1277",1,1,"SelfPa",3,30.340458,-0.784636595044563,0.479893104616405,1.69072721271666,0.974258309631742
"1278",1,1,"SelfPa",3,30.342123,-0.784636595044563,0.596509000810895,1.65365619213638,0.864578244822276
"1279",1,1,"SelfPa",3,30.343793,-0.784636595044563,0.596509000810895,1.61851265728526,0.820061244055648
"1280",1,1,"SelfPa",3,30.34546,-0.784636595044563,0.596509000810895,1.56445078820252,0.800736305209871
"1281",1,1,"SelfPa",3,30.347125,-0.784636595044563,0.596509000810895,1.50666406276908,0.794795232686432
"1282",1,1,"SelfPa",3,30.348792,-0.784636595044563,0.628042029236252,1.44142915765465,0.786903961930908
"1283",1,1,"SelfPa",3,30.350459,-0.290355470282766,0.75417414293768,1.34159503574983,0.75441425037809
"1284",1,1,"SelfPa",3,30.352125,-0.158964285219504,0.75417414293768,1.22301159511401,0.690007058729303
"1285",1,1,"SelfPa",3,30.353791,-0.158964285219504,0.75417414293768,1.10703131895478,0.61728506240503
"1286",1,1,"SelfPa",3,30.355457,-0.158964285219504,0.75417414293768,0.984700122475833,0.560030677158149
"1287",1,1,"SelfPa",3,30.357124,-0.158964285219504,0.75417414293768,0.835788938991641,0.526735681692249
"1288",1,1,"SelfPa",3,30.358792,-0.158964285219504,0.52768065840864,0.666041804365572,0.50773201610337
"1289",1,1,"SelfPa",3,30.360457,-0.158964285219504,0.41100219668156,0.51685850975791,0.486584522556043
"1290",1,1,"SelfPa",3,30.362125,-0.158964285219504,0.41100219668156,0.415288242234331,0.457966155485018
"1291",1,1,"SelfPa",3,30.363793,-0.158964285219504,0.41100219668156,0.358655689545012,0.412756803152737
"1292",1,1,"SelfPa",3,30.365459,-0.158964285219504,0.41100219668156,0.314271969962829,0.36027817027566
"1293",1,1,"SelfPa",3,30.367125,-0.191168779623087,0.41100219668156,0.255736459870968,0.326378963023307
"1294",1,1,"SelfPa",3,30.368792,-0.19972946800885,-0.406119300326912,0.196101486701006,0.320564943731159
"1295",1,1,"SelfPa",3,30.370459,-0.19972946800885,-0.756314227616258,0.149919438359532,0.325725501760754
"1296",1,1,"SelfPa",3,30.372123,-0.19972946800885,-0.756314227616258,0.123089569026822,0.303733776124769
"1297",1,1,"SelfPa",3,30.373791,-0.19972946800885,-0.756314227616258,0.106530840653529,0.245052468618726
"1298",1,1,"SelfPa",3,30.375458,-0.19972946800885,-0.756314227616258,0.0950238936129477,0.176272323576276
"1299",1,1,"SelfPa",3,30.377124,-0.19972946800885,-0.756314227616258,0.0584509130396347,0.0965599136072195
"1300",1,1,"SelfPa",3,30.378792,-0.19972946800885,-1.10081788123355,-0.0361550343711046,0.0193094703182269
"1301",1,1,"SelfPa",3,30.380459,-0.19972946800885,-1.48930072467434,-0.174311313141515,-0.0549632490634143
"1302",1,1,"SelfPa",3,30.382126,-0.19972946800885,-1.48930072467434,-0.322213778774732,-0.1566074198027
"1303",1,1,"SelfPa",3,30.383793,-0.231761034520136,-1.48930072467434,-0.436875159146361,-0.373608042323905
"1304",1,1,"SelfPa",3,30.385459,-0.240275754731997,-1.48930072467434,-0.512741397947827,-0.630194618242913
"1305",1,1,"SelfPa",3,30.387125,-0.240275754731997,-1.48930072467434,-0.573654220283803,-0.862401546043056
"1306",1,1,"SelfPa",3,30.388792,-0.240275754731997,-1.51709906004557,-0.676324870697731,-1.04699647627043
"1307",1,1,"SelfPa",3,30.390458,-0.240275754731997,-1.70313407368379,-0.689602734176327,-1.02424237337422
"1308",1,1,"SelfPa",3,30.392123,-0.240275754731997,-1.70313407368379,-0.440231994783944,-0.636245416978673
"1309",1,1,"SelfPa",3,30.393792,-0.240275754731997,-1.70313407368379,-0.00394991639834741,0.0668571992344735
"1310",1,1,"SelfPa",3,30.395458,-0.240275754731997,-1.70313407368379,0.451025151799408,0.789599025212328
"1311",1,1,"SelfPa",3,30.397125,-0.240275754731997,-1.70313407368379,0.783583461816364,1.30312551165831
"1312",1,1,"SelfPa",3,30.398792,-0.240275754731997,-1.52323830293096,0.963810898874574,1.56817541617227
"1313",1,1,"SelfPa",3,30.40046,0.0850947256941162,-0.756314227616258,1.02951557893208,1.63390373225149
"1314",1,1,"SelfPa",3,30.402126,0.171585612895995,-0.756314227616258,1.0162587849028,1.55903677366826
"1315",1,1,"SelfPa",3,30.403792,0.171585612895995,-0.756314227616258,0.957901680061608,1.37456541274919
"1316",1,1,"SelfPa",3,30.405458,0.171585612895995,-0.756314227616258,0.889868629436698,1.14435406677591
"1317",1,1,"SelfPa",3,30.407124,0.171585612895995,-0.756314227616258,0.832909064330336,0.925693326015576
"1318",1,1,"SelfPa",3,30.408792,0.171585612895995,-0.687492141767265,0.796481433255017,0.780450521238607
"1319",1,1,"SelfPa",3,30.410457,0.171585612895995,-0.541245209338153,0.782152099818652,0.700314215947557
"1320",1,1,"SelfPa",3,30.412123,0.171585612895995,-0.541245209338153,0.780951265765682,0.663677640634666
"1321",1,1,"SelfPa",3,30.413792,0.171585612895995,-0.541245209338153,0.771071907335793,0.653045436874154
"1322",1,1,"SelfPa",3,30.415459,0.171585612895995,-0.541245209338153,0.701699955006884,0.6495910057012
"1323",1,1,"SelfPa",3,30.417125,0.469633486339473,-0.541245209338153,0.59759914984882,0.653741226064814
"1324",1,1,"SelfPa",3,30.418792,0.548861402064956,-0.602762769257264,0.506938047218174,0.659318732126733
"1325",1,1,"SelfPa",3,30.42046,0.548861402064956,-0.703133524914762,0.438825854414396,0.658513436639156
"1326",1,1,"SelfPa",3,30.422125,0.548861402064956,-0.703133524914762,0.37617063940148,0.625416260866798
"1327",1,1,"SelfPa",3,30.423791,0.548861402064956,-0.703133524914762,0.316436211532166,0.53447484043487
"1328",1,1,"SelfPa",3,30.425458,0.548861402064956,-0.703133524914762,0.237707181665633,0.449026050293242
"1329",1,1,"SelfPa",3,30.427124,0.548861402064956,-0.703133524914762,0.123735449689957,0.400354974856175
"1330",1,1,"SelfPa",3,30.428791,0.548861402064956,-0.664468025774147,-0.0268655055454678,0.38161293915161
"1331",1,1,"SelfPa",3,30.430457,0.548861402064956,-0.622580401705147,-0.204972200488586,0.376915164154424
"1332",1,1,"SelfPa",3,30.432125,0.548861402064956,-0.622580401705147,-0.37145069605776,0.380246026019072
"1333",1,1,"SelfPa",3,30.433792,0.602469048676454,-0.622580401705147,-0.475299530148042,0.375180726083086
"1334",1,1,"SelfPa",3,30.435459,0.616719182585841,-0.622580401705147,-0.560475754016293,0.342306035253051
"1335",1,1,"SelfPa",3,30.437125,0.616719182585841,-0.622580401705147,-0.65234507794203,0.235034923621785
"1336",1,1,"SelfPa",3,30.438793,0.616719182585841,-0.517970831214676,-0.732822431358228,-0.014091523215164
"1337",1,1,"SelfPa",3,30.44046,0.616719182585841,-0.459127947813786,-0.762316920123376,-0.136169824755403
"1338",1,1,"SelfPa",3,30.442123,0.616719182585841,-0.459127947813786,-0.747761149990499,-0.0299443080212889
"1339",1,1,"SelfPa",3,30.443792,0.616719182585841,-0.459127947813786,-0.714193627194523,0.182955375233922
"1340",1,1,"SelfPa",3,30.445458,0.616719182585841,-0.459127947813786,-0.672359943350216,0.369797486344753
"1341",1,1,"SelfPa",3,30.447124,0.616719182585841,-0.459127947813786,-0.650964899663387,0.485447050637306
"1342",1,1,"SelfPa",3,30.448791,0.616719182585841,0.0758777420548294,-0.680228343089403,0.526965365970445
"1343",1,1,"SelfPa",3,30.450459,0.670752497855296,0.0812818399322895,-0.722646912547128,0.514591779441612
"1344",1,1,"SelfPa",3,30.452126,0.685115784192746,0.0812818399322895,-0.757851921516844,0.456751088151998
"1345",1,1,"SelfPa",3,30.453792,0.685115784192746,0.0812818399322895,-0.792001359699185,0.372845814787169
"1346",1,1,"SelfPa",3,30.455459,0.685115784192746,0.0812818399322895,-0.828294104140835,0.271798642609071
"1347",1,1,"SelfPa",3,30.457126,0.685115784192746,0.071577925827582,-0.859183334878558,0.181171561779127
"1348",1,1,"SelfPa",3,30.458793,0.685115784192746,0.051876039614994,-0.895809357958192,0.100028585112825
"1349",1,1,"SelfPa",3,30.460457,0.685115784192746,0.051876039614994,-0.936435472041086,0.0182320816028822
"1350",1,1,"SelfPa",3,30.462124,0.685115784192746,0.051876039614994,-0.965283744794883,-0.058718073104339
"1351",1,1,"SelfPa",3,30.463792,0.685115784192746,0.051876039614994,-0.982596690467686,-0.121161200276067
"1352",1,1,"SelfPa",3,30.465458,0.685115784192746,0.051876039614994,-1.01105319027333,-0.167472757040909
"1353",1,1,"SelfPa",3,30.467123,0.685115784192746,0.0325714445343497,-0.989202092176119,-0.275640903444846
"1354",1,1,"SelfPa",3,30.468793,0.685115784192746,0.0226266531291698,-0.752793366150178,-0.471515051701591
"1355",1,1,"SelfPa",3,30.47046,0.685115784192746,0.0226266531291698,-0.291066799398544,-0.579291262556834
"1356",1,1,"SelfPa",3,30.472125,0.685115784192746,0.0226266531291698,0.284830791982575,-0.525127684148913
"1357",1,1,"SelfPa",3,30.473792,0.685115784192746,0.0226266531291698,0.845329883165159,-0.393300413512522
"1358",1,1,"SelfPa",3,30.475459,0.685115784192746,0.0619928862347954,1.28750662625117,-0.299328223147048
"1359",1,1,"SelfPa",3,30.477125,0.685115784192746,0.380501499543939,1.57776957374479,-0.255168052485869
"1360",1,1,"SelfPa",3,30.478791,0.685115784192746,0.380501499543939,1.72077747887012,-0.25844243081506
"1361",1,1,"SelfPa",3,30.480457,0.685115784192746,0.380501499543939,1.75487999704642,-0.308550931208026
"1362",1,1,"SelfPa",3,30.482124,0.685115784192746,0.380501499543939,1.72367153397025,-0.37343489945364
"1363",1,1,"SelfPa",3,30.483792,1.19460126133095,0.380501499543939,1.66452482780212,-0.431162600523351
"1364",1,1,"SelfPa",3,30.485457,1.33003410968415,0.347122787907176,1.60134570306275,-0.469745461889026
"1365",1,1,"SelfPa",3,30.487125,1.33003410968415,0.319812932931644,1.539535565553,-0.491193163112405
"1366",1,1,"SelfPa",3,30.488793,1.33003410968415,0.319812932931644,1.45472475626316,-0.541955333108833
"1367",1,1,"SelfPa",3,30.490459,1.33003410968415,0.319812932931644,1.27950675084873,-0.672687656521008
"1368",1,1,"SelfPa",3,30.492125,1.33003410968415,0.319812932931644,1.01779630856418,-0.821794687465363
"1369",1,1,"SelfPa",3,30.493792,1.33003410968415,0.321031396678834,0.738334927093185,-0.956854066375313
"1370",1,1,"SelfPa",3,30.495459,1.33003410968415,0.441659307650657,0.503180709997457,-1.07352840172907
"1371",1,1,"SelfPa",3,30.497123,1.33003410968415,0.441659307650657,0.324482939871002,-1.17745799122378
"1372",1,1,"SelfPa",3,30.498791,1.33003410968415,0.441659307650657,0.171241644413945,-1.28325593569664
"1373",1,1,"SelfPa",3,30.500458,1.21324127165712,0.441659307650657,0.0378924385926763,-1.40536662614615
"1374",1,1,"SelfPa",3,30.502124,1.18219507420689,0.441659307650657,-0.0554831641221248,-1.58843532031772
"1375",1,1,"SelfPa",3,30.503792,1.18219507420689,0.42694389438549,-0.10868817060727,-1.79807083705027
"1376",1,1,"SelfPa",3,30.505459,1.18219507420689,0.41100219668156,-0.128772941746331,-2.01960435588781
"1377",1,1,"SelfPa",3,30.507126,1.18219507420689,0.41100219668156,-0.134547638017976,-2.08144699826046
"1378",1,1,"SelfPa",3,30.508793,1.18219507420689,0.41100219668156,-0.153904511901757,-2.0542235545998
"1379",1,1,"SelfPa",3,30.510459,1.18219507420689,0.41100219668156,-0.20316793127519,-3.13976001993407
"1380",1,1,"SelfPa",3,30.512125,1.18219507420689,0.41100219668156,-0.274081048188957,-0.129497958702932
"1381",1,1,"SelfPa",3,30.513792,1.18219507420689,0.302976548111676,-0.343140273934805,-0.129497958702932
"1382",1,1,"SelfPa",3,30.515458,1.18219507420689,0.289625063456972,-0.397915716113337,-0.129497958702932
"1383",1,1,"SelfPa",3,30.517123,0.717537827609811,0.289625063456972,-0.454927978796428,-0.129497958702932
"1384",1,1,"SelfPa",3,30.518792,0.594021344337168,0.289625063456972,-0.517627392704151,-0.129497958702932
"1385",1,1,"SelfPa",3,30.520458,0.594021344337168,0.289625063456972,-0.656070250478187,-0.129497958702932
"1386",1,1,"SelfPa",3,30.522125,0.594021344337168,0.332107060085577,-0.966441587206621,-0.129497958702932
"1387",1,1,"SelfPa",3,30.523792,0.594021344337168,0.41100219668156,-1.30475478073939,-0.129497958702932
"1388",1,1,"SelfPa",3,30.52546,0.594021344337168,0.41100219668156,-1.49546123479213,-0.129497958702932
"1389",1,1,"SelfPa",3,30.527126,0.594021344337168,0.41100219668156,-1.27011701258641,-0.129497958702932
"1390",1,1,"SelfPa",3,30.528792,0.594021344337168,0.41100219668156,-0.638499786119979,-3.77017877789961
"1391",1,1,"SelfPa",3,30.530458,0.594021344337168,0.41100219668156,0.129410499634698,-1.44356019094799
"1392",1,1,"SelfPa",3,30.532124,0.594021344337168,0.606112810063458,0.824742281330336,0.431029169810601
"1393",1,1,"SelfPa",3,30.533792,-0.110965766113493,0.62779176710589,1.35966532225124,1.68757656364716
"1394",1,1,"SelfPa",3,30.535457,-0.298367403068733,0.62779176710589,1.70696975562959,2.3325304103538
"1395",1,1,"SelfPa",3,30.537123,-0.298367403068733,0.62779176710589,1.87853236968083,2.50540243743611
"1396",1,1,"SelfPa",3,30.538792,-0.298367403068733,0.62779176710589,1.92170615290133,2.37708272490458
"1397",1,1,"SelfPa",3,30.540459,-0.298367403068733,0.835656364306258,1.8864483122156,2.1020579090505
"1398",1,1,"SelfPa",3,30.542125,-0.298367403068733,1.01272620636583,1.82197962986681,1.7666135349804
"1399",1,1,"SelfPa",3,30.543792,-0.298367403068733,1.01272620636583,1.75632956366154,1.45476191698858
"1400",1,1,"SelfPa",3,30.54546,-0.298367403068733,1.01272620636583,1.70482927587667,1.21429280216709
"1401",1,1,"SelfPa",3,30.547125,-0.298367403068733,1.01272620636583,1.66423221253062,1.06643957839042
"1402",1,1,"SelfPa",3,30.548791,-0.298367403068733,1.00161143950122,1.60681063339701,0.979651989564539
"1403",1,1,"SelfPa",3,30.550458,-0.0244097152365256,0.947345224809287,1.50635429683169,0.927858613087699
"1404",1,1,"SelfPa",3,30.552124,0.0484144802631759,0.947345224809287,1.36932900387164,0.908498360457766
"1405",1,1,"SelfPa",3,30.553791,0.0484144802631759,0.947345224809287,1.23171915106501,0.916947429274911
"1406",1,1,"SelfPa",3,30.555457,0.0484144802631759,0.947345224809287,1.12642891369331,0.951425835830086
"1407",1,1,"SelfPa",3,30.557125,0.0484144802631759,0.947345224809287,1.05248424891103,0.998948721366073
"1408",1,1,"SelfPa",3,30.558792,0.0484144802631759,0.555326803121844,0.991688108591313,1.03316214143339
"1409",1,1,"SelfPa",3,30.560459,0.0484144802631759,0.259593607813773,0.924447246265291,1.04137446553041
"1410",1,1,"SelfPa",3,30.562125,0.0484144802631759,0.259593607813773,0.862467805813582,0.987843363825659
"1411",1,1,"SelfPa",3,30.563793,0.0484144802631759,0.259593607813773,0.810932066931632,0.854175783212434
"1412",1,1,"SelfPa",3,30.56546,0.0484144802631759,0.259593607813773,0.744560522994072,0.699127378807771
"1413",1,1,"SelfPa",3,30.567123,0.0152655335247517,0.259593607813773,0.655857470687091,0.587038256487606
"1414",1,1,"SelfPa",3,30.568792,0.00645378818921986,-0.401899255153718,0.558189410813344,0.540387798510026
"1415",1,1,"SelfPa",3,30.570458,0.00645378818921986,-0.861580736198924,0.470978658065528,0.525919876563239
"1416",1,1,"SelfPa",3,30.572124,0.00645378818921986,-0.861580736198924,0.397697120426047,0.515669110284482
"1417",1,1,"SelfPa",3,30.573791,0.00645378818921986,-0.861580736198924,0.35183988078477,0.501836674409559
"1418",1,1,"SelfPa",3,30.575459,0.00645378818921986,-0.861580736198924,0.308842778166968,0.480395987330133
"1419",1,1,"SelfPa",3,30.577126,0.00645378818921986,-0.861580736198924,0.246681291541108,0.43529965994124
"1420",1,1,"SelfPa",3,30.578792,0.00645378818921986,-0.932923430942137,0.183765079802724,0.478704108676802
"1421",1,1,"SelfPa",3,30.580459,0.00645378818921986,-0.99129472664113,0.137753484168522,0.734276874581339
"1422",1,1,"SelfPa",3,30.582126,0.00645378818921986,-0.99129472664113,0.0885683446499746,1.09129248445964
"1423",1,1,"SelfPa",3,30.583793,-0.266652562327074,-0.99129472664113,-0.0312986173273908,1.39301449798605
"1424",1,1,"SelfPa",3,30.585457,-0.339250452970646,-0.99129472664113,-0.181667894852763,1.553046972521
"1425",1,1,"SelfPa",3,30.587124,-0.339250452970646,-0.99129472664113,-0.294197916942933,1.59017309109867
"1426",1,1,"SelfPa",3,30.588792,-0.339250452970646,-0.77595370471009,-0.359655033366351,1.54397592506762
"1427",1,1,"SelfPa",3,30.590458,-0.339250452970646,-0.649483580718844,-0.391196343918508,1.43987700071149
"1428",1,1,"SelfPa",3,30.592123,-0.339250452970646,-0.649483580718844,-0.404339828576448,1.270384946076
"1429",1,1,"SelfPa",3,30.593793,-0.339250452970646,-0.649483580718844,-0.414176176202349,1.03096509394707
"1430",1,1,"SelfPa",3,30.59546,-0.339250452970646,-0.649483580718844,-0.447848969593872,0.793894192976459
"1431",1,1,"SelfPa",3,30.597125,-0.339250452970646,-0.649483580718844,-0.493764598150164,0.618383528275716
"1432",1,1,"SelfPa",3,30.598792,-0.339250452970646,-0.36975308450898,-0.536662638905094,0.513846381965508
"1433",1,1,"SelfPa",3,30.600459,-0.324564884271119,-0.320388879295474,-0.601581483117056,0.431283495378375
"1434",1,1,"SelfPa",3,30.602125,-0.32066112550289,-0.320388879295474,-0.747971643274707,0.218447429124041
"1435",1,1,"SelfPa",3,30.603791,-0.32066112550289,-0.320388879295474,-0.765194064092069,-0.117272289183256
"1436",1,1,"SelfPa",3,30.605457,-0.32066112550289,-0.320388879295474,-0.515302825943652,-0.320426386196811
"1437",1,1,"SelfPa",3,30.607124,-0.32066112550289,-0.316458199710507,-0.171919322226936,-0.368761662385791
"1438",1,1,"SelfPa",3,30.608792,-0.32066112550289,-0.264236313795953,0.106901927407471,-0.325632952843913
"1439",1,1,"SelfPa",3,30.610457,-0.32066112550289,-0.264236313795953,0.253695530631175,-0.248025778874385
"1440",1,1,"SelfPa",3,30.612125,-0.32066112550289,-0.264236313795953,0.277842614239544,-0.190732653792838
"1441",1,1,"SelfPa",3,30.613793,-0.32066112550289,-0.264236313795953,0.214993663771821,-0.161439655707959
"1442",1,1,"SelfPa",3,30.615459,-0.32066112550289,-0.264236313795953,0.125326245810715,-0.148232601370791
"1443",1,1,"SelfPa",3,30.617125,0.126038224586617,-0.177339045581709,0.0534980115236205,-0.146653736086352
"1444",1,1,"SelfPa",3,30.618792,0.244781089800284,-0.0355592921795249,-0.00804336834481358,-0.146787907632051
"1445",1,1,"SelfPa",3,30.620459,0.244781089800284,-0.0355592921795249,-0.0499478106626007,-0.148010116428467
"1446",1,1,"SelfPa",3,30.622123,0.244781089800284,-0.0355592921795249,-0.0696287267363719,-0.166882770308775
"1447",1,1,"SelfPa",3,30.623791,0.244781089800284,-0.0355592921795249,-0.0765369957903277,-0.189185444752144
"1448",1,1,"SelfPa",3,30.625458,0.244781089800284,-0.0355592921795249,-0.0901586486781213,-0.19035453819114
"1449",1,1,"SelfPa",3,30.627124,0.244781089800284,0.255845932411632,-0.116904680956947,-0.191354192598262
"1450",1,1,"SelfPa",3,30.628792,0.244781089800284,0.319812932931644,-0.190761867761851,-0.296947500000039
"1451",1,1,"SelfPa",3,30.630459,0.244781089800284,0.319812932931644,-0.320409183794499,-0.56366099510162
"1452",1,1,"SelfPa",3,30.632126,0.244781089800284,0.319812932931644,-0.439459965703499,-0.869028060158651
"1453",1,1,"SelfPa",3,30.633793,0.538585578809751,0.319812932931644,-0.533171453190987,-1.11037614212821
"1454",1,1,"SelfPa",3,30.635459,0.616685506267963,0.413889596010589,-0.594856237537765,-1.25244289391076
"1455",1,1,"SelfPa",3,30.637125,0.616685506267963,0.596509000810895,-0.627181046079339,-1.31442385149831
"1456",1,1,"SelfPa",3,30.638792,0.616685506267963,0.596509000810895,-0.656508838037229,-1.34007906683541
"1457",1,1,"SelfPa",3,30.640458,0.616685506267963,0.596509000810895,-0.718006488498356,-1.42414659147074
"1458",1,1,"SelfPa",3,30.642123,0.616685506267963,0.596509000810895,-0.833645054407321,-1.57682158780921
"1459",1,1,"SelfPa",3,30.643792,0.616685506267963,0.596509000810895,-0.949470706295048,-1.73448391828555
"1460",1,1,"SelfPa",3,30.645458,0.616685506267963,0.832453009037652,-1.02810306964311,-1.86645607844998
"1461",1,1,"SelfPa",3,30.647125,0.616685506267963,0.850212235463322,-1.06934308175075,-1.9569556656854
"1462",1,1,"SelfPa",3,30.648792,0.616685506267963,0.850212235463322,-1.09213585679996,-2.02313619728312
"1463",1,1,"SelfPa",3,30.65046,0.799523497006186,0.850212235463322,-1.120402127935,-2.08537804398731
"1464",1,1,"SelfPa",3,30.652126,0.848126000873308,0.850212235463322,-1.16962779668074,-2.14334542969887
"1465",1,1,"SelfPa",3,30.653792,0.848126000873308,0.944470338586778,-1.22137091585731,-2.19479949985565
"1466",1,1,"SelfPa",3,30.655458,0.848126000873308,1.01272620636583,-1.25972509751934,-2.23364142156776
"1467",1,1,"SelfPa",3,30.657124,0.848126000873308,1.01272620636583,-1.28666688059036,-2.25995973972172
"1468",1,1,"SelfPa",3,30.658792,0.848126000873308,1.01272620636583,-1.30929867926924,-2.27458122049328
"1469",1,1,"SelfPa",3,30.660457,0.848126000873308,1.01272620636583,-1.3622114606749,-2.27599817016757
"1470",1,1,"SelfPa",3,30.662123,0.848126000873308,1.0298065967629,-1.4903880869874,-2.2674189230055
"1471",1,1,"SelfPa",3,30.663792,0.848126000873308,1.07842001558532,-1.65010309769933,-2.2522592282178
"1472",1,1,"SelfPa",3,30.665459,0.848126000873308,1.07842001558532,-1.78360141849998,-2.24755928879006
"1473",1,1,"SelfPa",3,30.667125,1.07343774238833,1.07842001558532,-1.87409065037948,-2.250905591031
"1474",1,1,"SelfPa",3,30.668792,1.13333073696828,1.07842001558532,-1.93678418132136,-2.24759077141638
"1475",1,1,"SelfPa",3,30.67046,1.13333073696828,1.07842001558532,-1.99117943443724,-2.25331053959598
"1476",1,1,"SelfPa",3,30.672125,1.13333073696828,1.04852933239046,-2.05075896975649,-2.29274241331674
"1477",1,1,"SelfPa",3,30.673791,1.13333073696828,1.04557311097558,-2.17942101356912,-2.49939333077617
"1478",1,1,"SelfPa",3,30.675458,1.13333073696828,1.04557311097558,-2.33905676712565,-2.96120433709647
"1479",1,1,"SelfPa",3,30.677124,1.13333073696828,1.04557311097558,-2.4607514726915,-3.5196608717366
"1480",1,1,"SelfPa",3,30.678791,1.13333073696828,1.04557311097558,-2.39640823931945,-0.129497958702932
"1481",1,1,"SelfPa",3,30.680457,1.13333073696828,0.890460642578464,-1.90178673373431,-0.129497958702932
"1482",1,1,"SelfPa",3,30.682125,1.13333073696828,0.722422135148257,-1.03790429078901,-3.11602975885553
"1483",1,1,"SelfPa",3,30.683792,1.30855990044551,0.722422135148257,-0.150489593953243,-1.88617380935708
"1484",1,1,"SelfPa",3,30.685459,1.35513980466098,0.722422135148257,0.519741929528923,-0.508914636242133
"1485",1,1,"SelfPa",3,30.687125,1.35513980466098,0.722422135148257,0.885482466404951,0.582633601871711
"1486",1,1,"SelfPa",3,30.688793,1.35513980466098,0.729122903688645,0.99335804689094,1.20990238788385
"1487",1,1,"SelfPa",3,30.69046,1.35513980466098,0.81814740001095,0.940368717215276,1.41016203126347
"1488",1,1,"SelfPa",3,30.692123,1.35513980466098,0.81814740001095,0.790276724757269,1.33392652754392
"1489",1,1,"SelfPa",3,30.693792,1.35513980466098,0.81814740001095,0.601853856380075,1.09376510909672
"1490",1,1,"SelfPa",3,30.695458,1.35513980466098,0.81814740001095,0.440893707325208,0.834253831916075
"1491",1,1,"SelfPa",3,30.697124,1.35513980466098,0.81814740001095,0.344286880832989,0.666651846011291
"1492",1,1,"SelfPa",3,30.698791,1.35513980466098,0.656329470658502,0.302287199621988,0.584290193593716
"1493",1,1,"SelfPa",3,30.700459,1.80479223106507,0.534256295883849,0.286996566572326,0.544919745717769
"1494",1,1,"SelfPa",3,30.702126,1.92432009124843,0.534256295883849,0.270675168921862,0.488834477058875
"1495",1,1,"SelfPa",3,30.703792,1.92432009124843,0.534256295883849,0.235148858036145,0.397910765604252
"1496",1,1,"SelfPa",3,30.705459,1.92432009124843,0.534256295883849,0.164975136030762,0.31719519156341
"1497",1,1,"SelfPa",3,30.707126,1.92432009124843,0.534256295883849,0.0811037808133213,0.282773372714146
"1498",1,1,"SelfPa",3,30.708793,1.92432009124843,-0.262135676039244,0.00807931153449752,0.287527770140729
"1499",1,1,"SelfPa",3,30.710457,1.92432009124843,-0.913729107612684,-0.0493541485073144,0.306721975065814
"1500",1,1,"SelfPa",3,30.712124,1.92432009124843,-0.913729107612684,-0.125348653210536,0.318254929173925
"1501",1,1,"SelfPa",3,30.713792,1.92432009124843,-0.913729107612684,-0.26825692159034,0.30670785418195
"1502",1,1,"SelfPa",3,30.715458,1.92432009124843,-0.913729107612684,-0.435582794193303,0.27640831718034
"1503",1,1,"SelfPa",3,30.717123,1.59405442125581,-0.913729107612684,-0.551730035438358,0.226900139543517
"1504",1,1,"SelfPa",3,30.718793,1.50626228113119,-0.913729107612684,-0.602072662857672,0.167537049490413
"1505",1,1,"SelfPa",3,30.72046,1.50626228113119,-2.27346082214842,-0.54824758794061,0.117032863991109
"1506",1,1,"SelfPa",3,30.722125,1.50626228113119,-2.45887878322148,-0.295692525614097,0.0721838212889534
"1507",1,1,"SelfPa",3,30.723792,1.50626228113119,-2.45887878322148,0.17856909873733,-0.00116703239391413
"1508",1,1,"SelfPa",3,30.725459,1.50626228113119,-2.45887878322148,0.768802941309431,-0.100960315225412
"1509",1,1,"SelfPa",3,30.727125,1.50626228113119,-2.45887878322148,1.32809477891606,-0.18896291351184
"1510",1,1,"SelfPa",3,30.728791,1.50626228113119,-2.45887878322148,1.74246416052794,-0.2384463796019
"1511",1,1,"SelfPa",3,30.730457,1.50626228113119,-2.45887878322148,2.02636449842118,-0.258399987142003
"1512",1,1,"SelfPa",3,30.732124,1.50626228113119,-3.09592478998476,2.16740371789372,-0.337526035788538
"1513",1,1,"SelfPa",3,30.733792,0.53702804910797,-3.2172668865111,2.08649348741952,-0.462808045264027
"1514",1,1,"SelfPa",3,30.735457,0.279383506418253,-3.2172668865111,1.84066149569959,-0.586366346225014
"1515",1,1,"SelfPa",3,30.737125,0.279383506418253,-3.2172668865111,1.48332421022241,-0.654821485999855
"1516",1,1,"SelfPa",3,30.738793,0.279383506418253,-3.2172668865111,1.06778532566227,-0.520984292737332
"1517",1,1,"SelfPa",3,30.740459,0.279383506418253,-3.2172668865111,0.638240479159322,-0.027309197579724
"1518",1,1,"SelfPa",3,30.742125,0.279383506418253,-3.2172668865111,0.281359842137932,0.599132770368204
"1519",1,1,"SelfPa",3,30.743792,0.279383506418253,-3.02737893096215,0.0383986227705941,1.10503652591648
"1520",1,1,"SelfPa",3,30.745459,0.279383506418253,-3.00628026923449,-0.0902024355736936,1.38120239020824
"1521",1,1,"SelfPa",3,30.747123,0.279383506418253,-3.00628026923449,-0.129944840038989,1.39806182273135
"1522",1,1,"SelfPa",3,30.748791,0.279383506418253,-3.00628026923449,-0.128138367108748,1.22728083233593
"1523",1,1,"SelfPa",3,30.750458,-0.0669112489755745,-3.00628026923449,-0.110097303808981,0.99746171127372
"1524",1,1,"SelfPa",3,30.752124,-0.158964285219504,-3.00628026923449,-0.0931293547989504,0.769136649171299
"1525",1,1,"SelfPa",3,30.753792,-0.158964285219504,-2.84742857178213,-0.0905290647356321,0.570546198434864
"1526",1,1,"SelfPa",3,30.755459,-0.158964285219504,-2.39531220211005,-0.0972406281077282,0.419362089644556
"1527",1,1,"SelfPa",3,30.757126,-0.158964285219504,-2.39531220211005,-0.105491823044269,0.314196344086993
"1528",1,1,"SelfPa",3,30.758793,-0.158964285219504,-2.39531220211005,-0.114831462474685,0.230948124707955
"1529",1,1,"SelfPa",3,30.760459,-0.158964285219504,-2.39531220211005,-0.140875179776388,0.168409521147645
"1530",1,1,"SelfPa",3,30.762125,-0.158964285219504,-2.39531220211005,-0.183881480516673,0.127640229371543
"1531",1,1,"SelfPa",3,30.763792,-0.158964285219504,-2.39531220211005,-0.238665114773042,0.104867782961065
"1532",1,1,"SelfPa",3,30.765458,-0.158964285219504,-2.23970796862677,-0.28723043497549,0.0928051290353226
"1533",1,1,"SelfPa",3,30.767123,-0.488272200731724,-2.17919521116106,-0.312593682840969,0.0891103962999366
"1534",1,1,"SelfPa",3,30.768792,-0.575809747893199,-2.17919521116106,-0.308558485670231,0.0846420706186981
"1535",1,1,"SelfPa",3,30.770458,-0.575809747893199,-2.17919521116106,-0.294964427149888,0.0726041490738093
"1536",1,1,"SelfPa",3,30.772125,-0.575809747893199,-2.17919521116106,-0.289695819242384,0.0221528734846393
"1537",1,1,"SelfPa",3,30.773792,-0.575809747893199,-2.17919521116106,-0.313031935051795,-0.0518548952900804
"1538",1,1,"SelfPa",3,30.77546,-0.575809747893199,-2.08897790295993,-0.347775035389423,-0.110274843754991
"1539",1,1,"SelfPa",3,30.777126,-0.575809747893199,-1.8881716363187,-0.377289798349545,-0.137232907394964
"1540",1,1,"SelfPa",3,30.778792,-0.575809747893199,-1.8881716363187,-0.405386536589555,-0.135427888053295
"1541",1,1,"SelfPa",3,30.780458,-0.575809747893199,-1.8881716363187,-0.437959981879509,-0.126212344604704
"1542",1,1,"SelfPa",3,30.782124,-0.575809747893199,-1.8881716363187,-0.484226490064412,-0.115626230483165
"1543",1,1,"SelfPa",3,30.783792,-0.754816720709809,-1.8881716363187,-0.555221355291751,-0.112920507091877
"1544",1,1,"SelfPa",3,30.785457,-0.802400852724349,-1.8881716363187,-0.671032366834525,-0.119501082036934
"1545",1,1,"SelfPa",3,30.787123,-0.802400852724349,-1.75674100407605,-0.806902088169324,-0.133269684572094
"1546",1,1,"SelfPa",3,30.788792,-0.802400852724349,-1.74982360237907,-0.929359356414562,-0.157395191504891
"1547",1,1,"SelfPa",3,30.790459,-0.802400852724349,-1.74982360237907,-1.03238967258035,-0.241484001636469
"1548",1,1,"SelfPa",3,30.792125,-0.802400852724349,-1.74982360237907,-1.11158043861417,-0.382926158946924
"1549",1,1,"SelfPa",3,30.793792,-0.802400852724349,-1.74982360237907,-1.16430022497556,-0.518154976888748
"1550",1,1,"SelfPa",3,30.79546,-0.802400852724349,-1.74982360237907,-1.20011639936114,-0.628901758729197
"1551",1,1,"SelfPa",3,30.797125,-0.802400852724349,-1.48165208831521,-1.23922198906277,-0.729133030867426
"1552",1,1,"SelfPa",3,30.798791,-0.802400852724349,-1.39226158362726,-1.14976497144651,-0.675845468111351
"1553",1,1,"SelfPa",3,30.800458,-0.905292948639965,-1.39226158362726,-0.739509658031254,-0.223352990466096
"1554",1,1,"SelfPa",3,30.802124,-0.932644012111206,-1.39226158362726,-0.0565728637764645,0.556293596679121
"1555",1,1,"SelfPa",3,30.803791,-0.932644012111206,-1.39226158362726,0.721478026249387,1.38488000079322
"1556",1,1,"SelfPa",3,30.805457,-0.932644012111206,-1.39226158362726,1.41519774116602,2.02381142942577
"1557",1,1,"SelfPa",3,30.807125,-0.932644012111206,-0.463214728402563,1.90558577255264,2.40060441358376
"1558",1,1,"SelfPa",3,30.808792,-0.932644012111206,-0.403913865303115,2.20426691839414,2.50426917863354
"1559",1,1,"SelfPa",3,30.810459,-0.932644012111206,-0.403913865303115,2.32838504179306,2.40859035213365
"1560",1,1,"SelfPa",3,30.812125,-0.932644012111206,-0.403913865303115,2.34270067385947,2.23858301255656
"1561",1,1,"SelfPa",3,30.813793,-0.932644012111206,-0.403913865303115,2.30099581163682,2.06076231014959
"1562",1,1,"SelfPa",3,30.81546,-0.932644012111206,-0.204725543334664,2.24303642977926,1.93098062315833
"1563",1,1,"SelfPa",3,30.817123,-0.0856831020862208,0.199687110358855,2.1876667026559,1.83376933352434
"1564",1,1,"SelfPa",3,30.818792,0.13945840564194,0.199687110358855,2.14135118572464,1.7449292973778
"1565",1,1,"SelfPa",3,30.820458,0.13945840564194,0.199687110358855,2.08977424691907,1.63019827343162
"1566",1,1,"SelfPa",3,30.822124,0.13945840564194,0.199687110358855,2.03389086214327,1.4754747072283
"1567",1,1,"SelfPa",3,30.823791,0.13945840564194,0.199687110358855,1.98135243209685,1.347854094193
"1568",1,1,"SelfPa",3,30.825459,0.13945840564194,0.393264868192297,1.9324460148523,1.29128870390823
"1569",1,1,"SelfPa",3,30.827126,0.13945840564194,0.441659307650657,1.88650934559083,1.30067440400739
"1570",1,1,"SelfPa",3,30.828792,0.13945840564194,0.441659307650657,1.84033946559889,1.33254890800353
"1571",1,1,"SelfPa",3,30.830459,0.13945840564194,0.441659307650657,1.77295842771877,1.35576618746498
"1572",1,1,"SelfPa",3,30.832126,0.13945840564194,0.441659307650657,1.66928226921536,1.36308277297072
"1573",1,1,"SelfPa",3,30.833793,0.62509313578898,0.480013543266639,1.56160339441123,1.31221388613066
"1574",1,1,"SelfPa",3,30.835457,0.754185912157179,0.565382648347373,1.45666594336228,1.18178892343243
"1575",1,1,"SelfPa",3,30.837124,0.754185912157179,0.565382648347373,1.35709511771354,1.01268574867895
"1576",1,1,"SelfPa",3,30.838792,0.754185912157179,0.565382648347373,1.2680412911731,0.869247824349714
"1577",1,1,"SelfPa",3,30.840458,0.754185912157179,0.565382648347373,1.18100309903563,0.744813600332839
"1578",1,1,"SelfPa",3,30.842123,0.754185912157179,0.565382648347373,1.07685821954066,0.642190968086722
"1579",1,1,"SelfPa",3,30.843793,0.754185912157179,0.424872975256764,0.951374654021836,0.575378353318658
"1580",1,1,"SelfPa",3,30.84546,0.754185912157179,0.380501499543939,0.843517373967038,0.540310179946753
"1581",1,1,"SelfPa",3,30.847125,0.754185912157179,0.380501499543939,0.768294170159565,0.507269395113891
"1582",1,1,"SelfPa",3,30.848792,0.754185912157179,0.380501499543939,0.723907576164106,0.472006828098956
"1583",1,1,"SelfPa",3,30.850459,0.583639103917472,0.380501499543939,0.703287972528143,0.451894198572452
"1584",1,1,"SelfPa",3,30.852125,0.538303876410716,0.401654906112616,0.691448551685295,0.450438856298338
"1585",1,1,"SelfPa",3,30.853791,0.538303876410716,0.47247283245123,0.657050352196665,0.459523955188611
"1586",1,1,"SelfPa",3,30.855457,0.538303876410716,0.47247283245123,0.596490967717116,0.47643631787722
"1587",1,1,"SelfPa",3,30.857124,0.538303876410716,0.47247283245123,0.551023402702299,0.475584944325165
"1588",1,1,"SelfPa",3,30.858792,0.538303876410716,0.47247283245123,0.537363328490382,0.462614704155094
"1589",1,1,"SelfPa",3,30.860457,0.538303876410716,0.47247283245123,0.543306561193782,0.437518016072802
"1590",1,1,"SelfPa",3,30.862125,0.538303876410716,0.47247283245123,0.552479867909289,0.402347234802983
"1591",1,1,"SelfPa",3,30.863793,0.538303876410716,0.47247283245123,0.555662226661013,0.36491953118436
"1592",1,1,"SelfPa",3,30.865459,0.538303876410716,0.47247283245123,0.547544117059155,0.315199470842606
"1593",1,1,"SelfPa",3,30.867125,0.371468366782574,0.47247283245123,0.534034662102905,0.248323294735412
"1594",1,1,"SelfPa",3,30.868792,0.327119687008004,0.47247283245123,0.523272475542156,0.193704009941307
"1595",1,1,"SelfPa",3,30.870459,0.327119687008004,0.457757419186062,0.518551826618849,0.177911281717236
"1596",1,1,"SelfPa",3,30.872123,0.327119687008004,0.380501499543939,0.518633747397218,0.217408974961092
"1597",1,1,"SelfPa",3,30.873791,0.327119687008004,0.380501499543939,0.516345043733026,0.28635499948468
"1598",1,1,"SelfPa",3,30.875458,0.327119687008004,0.380501499543939,0.501937526255553,0.32932834110822
"1599",1,1,"SelfPa",3,30.877124,0.327119687008004,0.380501499543939,0.480715637224475,0.320677899227577
"1600",1,1,"SelfPa",3,30.878792,0.327119687008004,0.380501499543939,0.459785213699591,0.265889200865488
"1601",1,1,"SelfPa",3,30.880459,0.327119687008004,0.46153950563113,0.435589265065529,0.18436825682047
"1602",1,1,"SelfPa",3,30.882126,0.327119687008004,0.503286357251803,0.395284625363432,0.115199622002778
"1603",1,1,"SelfPa",3,30.883793,0.565188186116188,0.503286357251803,0.348865821181785,0.0715727388822856
"1604",1,1,"SelfPa",3,30.885459,0.628472217524694,0.503286357251803,0.310790001533961,0.0564688273731045
"1605",1,1,"SelfPa",3,30.887125,0.628472217524694,0.503286357251803,0.279467999133392,0.0672210007739867
"1606",1,1,"SelfPa",3,30.888792,0.628472217524694,0.503286357251803,0.223388866813493,0.0854333030948856
"1607",1,1,"SelfPa",3,30.890458,0.628472217524694,0.503286357251803,0.15305139906515,0.0999685561938146
"1608",1,1,"SelfPa",3,30.892123,0.628472217524694,0.503286357251803,0.0886361808032901,0.0839462316577095
"1609",1,1,"SelfPa",3,30.893792,0.628472217524694,0.503286357251803,0.0527551673193055,-0.0103296954473326
"1610",1,1,"SelfPa",3,30.895458,0.628472217524694,0.503286357251803,0.0420981842844614,-0.204653194723477
"1611",1,1,"SelfPa",3,30.897125,0.628472217524694,0.503286357251803,0.043956684094999,-0.433197188398266
"1612",1,1,"SelfPa",3,30.898792,0.628472217524694,0.412940164053537,0.0297459681131608,-0.632624764483447
"1613",1,1,"SelfPa",3,30.90046,0.9510359452374,0.350157216237792,-0.0170994948124328,-0.816234971402214
"1614",1,1,"SelfPa",3,30.902126,1.03678073361673,0.350157216237792,-0.0809828508044414,-0.969457082543453
"1615",1,1,"SelfPa",3,30.903792,1.03678073361673,0.350157216237792,-0.137904569469335,-1.11591119294258
"1616",1,1,"SelfPa",3,30.905458,1.03678073361673,0.350157216237792,-0.183948262718454,-1.2682509919067
"1617",1,1,"SelfPa",3,30.907124,1.03678073361673,0.350157216237792,-0.261537108652142,-1.42169175683243
"1618",1,1,"SelfPa",3,30.908792,1.03678073361673,0.0757385337448169,-0.34737139111444,-1.49080422375114
"1619",1,1,"SelfPa",3,30.910457,1.03678073361673,0.051876039614994,-0.173609189791944,-1.26324895816023
"1620",1,1,"SelfPa",3,30.912123,1.03678073361673,0.051876039614994,0.286064585974445,-0.505802710579651
"1621",1,1,"SelfPa",3,30.913792,1.03678073361673,0.051876039614994,0.87769913013598,0.624243551324083
"1622",1,1,"SelfPa",3,30.915459,1.03678073361673,0.051876039614994,1.44338260891708,1.73886094013317
"1623",1,1,"SelfPa",3,30.917125,1.42126594891666,0.151012690142154,1.875076462599,2.55309861631079
"1624",1,1,"SelfPa",3,30.918792,1.52347087956601,0.319812932931644,2.13689776142223,2.98788445006928
"1625",1,1,"SelfPa",3,30.92046,1.52347087956601,0.319812932931644,2.25586407390643,3.11875448682261
"1626",1,1,"SelfPa",3,30.922125,1.52347087956601,0.319812932931644,2.28692555865041,3.08308524992689
"1627",1,1,"SelfPa",3,30.923791,1.52347087956601,0.319812932931644,2.27294326271024,2.98370200631166
"1628",1,1,"SelfPa",3,30.925458,1.52347087956601,0.319812932931644,2.22814955598111,2.87952553283923
"1629",1,1,"SelfPa",3,30.927124,1.52347087956601,0.563305472665384,2.15144765817065,2.79678213042854
"1630",1,1,"SelfPa",3,30.928791,1.52347087956601,0.596509000810895,2.04411936597243,2.72128366739972
"1631",1,1,"SelfPa",3,30.930457,1.52347087956601,0.596509000810895,1.90572316950724,2.62528411164419
"1632",1,1,"SelfPa",3,30.932125,1.52347087956601,0.596509000810895,1.74606656687307,2.45485638640977
"1633",1,1,"SelfPa",3,30.933792,1.86121235536401,0.596509000810895,1.58786029736424,2.16632760727353
"1634",1,1,"SelfPa",3,30.935459,1.95099173500652,0.482136078959757,1.45468374796709,1.71872012671141
"1635",1,1,"SelfPa",3,30.937125,1.95099173500652,0.051876039614994,1.34581132095696,1.16012895754578
"1636",1,1,"SelfPa",3,30.938793,1.95099173500652,0.051876039614994,1.22816972973793,0.610612574395411
"1637",1,1,"SelfPa",3,30.94046,1.95099173500652,0.051876039614994,1.06002479307195,0.103437192397211
"1638",1,1,"SelfPa",3,30.942123,1.95099173500652,0.051876039614994,0.889948059056894,-0.301737245934261
"1639",1,1,"SelfPa",3,30.943792,1.95099173500652,0.051876039614994,0.74752500121947,-0.573893936658122
"1640",1,1,"SelfPa",3,30.945458,1.95099173500652,-0.0288747906776091,0.621488398586325,-0.722224018053084
"1641",1,1,"SelfPa",3,30.947124,1.95099173500652,-1.29397113192837,0.486774517155349,-0.78525357858699
"1642",1,1,"SelfPa",3,30.948791,1.95099173500652,-1.29397113192837,0.348056290589465,-0.804670395773844
"1643",1,1,"SelfPa",3,30.950459,1.99532778616188,-1.29397113192837,0.221481406163486,-0.84014121110229
"1644",1,1,"SelfPa",3,30.952126,2.00711331874748,-1.29397113192837,0.137484055830777,-0.879006698486156
"1645",1,1,"SelfPa",3,30.953792,2.00711331874748,-1.29397113192837,0.141401881126075,-0.884644160432022
"1646",1,1,"SelfPa",3,30.955459,2.00711331874748,-1.29397113192837,0.303295639613013,-0.867498664265716
"1647",1,1,"SelfPa",3,30.957126,2.00711331874748,-1.75977277337153,0.565306937153798,-0.840398975105284
"1648",1,1,"SelfPa",3,30.958793,2.00711331874748,-2.35261122611737,0.825684322374684,-0.810989526026506
"1649",1,1,"SelfPa",3,30.960457,2.00711331874748,-2.35261122611737,1.03324963340526,-0.777765192852401
"1650",1,1,"SelfPa",3,30.962124,2.00711331874748,-2.35261122611737,1.15561043634096,-0.733392919570886
"1651",1,1,"SelfPa",3,30.963792,2.00711331874748,-2.35261122611737,1.20247103784314,-0.667908501249684
"1652",1,1,"SelfPa",3,30.965458,2.00711331874748,-2.35261122611737,1.22375558908363,-0.60348031346702
"1653",1,1,"SelfPa",3,30.967123,1.57134833230926,-2.35261122611737,1.22989207817296,-0.598499843004673
"1654",1,1,"SelfPa",3,30.968793,1.4555120700915,-2.63821036928418,1.19292980622829,-0.0876684241226727
"1655",1,1,"SelfPa",3,30.97046,1.4555120700915,-2.82860979806205,1.09923926363221,0.428941626653532
"1656",1,1,"SelfPa",3,30.972125,1.4555120700915,-2.82860979806205,0.92819615187373,0.768472608820343
"1657",1,1,"SelfPa",3,30.973792,1.4555120700915,-2.82860979806205,0.698363527703562,0.875824984818755
"1658",1,1,"SelfPa",3,30.975459,1.4555120700915,-2.82860979806205,0.476668559145529,0.790065245869743
"1659",1,1,"SelfPa",3,30.977125,1.4555120700915,-2.82860979806205,0.337375258296878,0.642180365849329
"1660",1,1,"SelfPa",3,30.978791,1.4555120700915,-2.82860979806205,0.25887110336231,0.563693727028453
"1661",1,1,"SelfPa",3,30.980457,1.4555120700915,-2.63854196660691,0.21523099449465,0.602184629031587
"1662",1,1,"SelfPa",3,30.982124,1.4555120700915,-2.60500058458541,0.193089868097881,0.764452844589542
"1663",1,1,"SelfPa",3,30.983792,0.364150839671218,-2.60500058458541,0.266725629266751,1.00219841129749
"1664",1,1,"SelfPa",3,30.985457,0.0740421581670916,-2.60500058458541,0.449767308549796,1.31202674969598
"1665",1,1,"SelfPa",3,30.987125,0.0740421581670916,-2.60500058458541,0.702162256475454,1.69861789108139
"1666",1,1,"SelfPa",3,30.988793,0.0740421581670916,-2.60500058458541,0.9760474678184,1.99590277566286
"1667",1,1,"SelfPa",3,30.990459,0.0740421581670916,-2.52576915825176,1.19668446066328,1.89276441864434
"1668",1,1,"SelfPa",3,30.992125,0.0740421581670916,-2.2880748792508,1.34329113121027,1.18706249483092
"1669",1,1,"SelfPa",3,30.993792,0.0740421581670916,-2.2880748792508,1.41960412090448,0.244462522976049
"1670",1,1,"SelfPa",3,30.995459,0.0740421581670916,-2.2880748792508,1.44058963735049,-0.571089343930796
"1671",1,1,"SelfPa",3,30.997123,0.0740421581670916,-2.2880748792508,1.42046357047403,-1.0861625301397
"1672",1,1,"SelfPa",3,30.998791,0.0740421581670916,-2.2880748792508,1.32465899272716,-1.31570248595771
"1673",1,1,"SelfPa",3,31.000458,-1.08442839660927,-2.12025769739213,1.1487597513663,-1.23973062608459
"1674",1,1,"SelfPa",3,31.002124,-1.39237626560046,-1.16929366685966,0.97470837448685,-0.643804337685612
"1675",1,1,"SelfPa",3,31.003792,-1.39237626560046,-1.16929366685966,0.864698733770923,0.316612385532211
"1676",1,1,"SelfPa",3,31.005459,-1.39237626560046,-1.16929366685966,0.826847693241289,1.18658567193611
"1677",1,1,"SelfPa",3,31.007126,-1.39237626560046,-1.16929366685966,0.860204588613772,1.57320557594153
"1678",1,1,"SelfPa",3,31.008793,-1.39237626560046,-1.16929366685966,0.920517827503112,1.48945588693809
"1679",1,1,"SelfPa",3,31.010459,-1.39237626560046,-1.12313672726055,0.979217945661917,1.09768235802557
"1680",1,1,"SelfPa",3,31.012125,-1.39237626560046,-0.861580736198924,0.993161820277959,0.88568351461195
"1681",1,1,"SelfPa",3,31.013792,-1.39237626560046,-0.861580736198924,0.891774844507618,0.933520775005832
"1682",1,1,"SelfPa",3,31.015458,-1.39237626560046,-0.861580736198924,0.655994676014136,1.07032862027502
"1683",1,1,"SelfPa",3,31.017123,-1.4727212247899,-0.861580736198924,0.389313989920134,1.23176318283273
"1684",1,1,"SelfPa",3,31.018792,-1.49407874558709,-0.861580736198924,0.184128022385717,1.35603135914475
"1685",1,1,"SelfPa",3,31.020458,-1.49407874558709,-0.494921689008521,0.05420827904414,1.40801206882269
"1686",1,1,"SelfPa",3,31.022125,-1.49407874558709,-0.0644958510023954,0.00350937768063315,1.41580517628637
"1687",1,1,"SelfPa",3,31.023468852459,-1.49407874558709,-0.0644958510023954,0.0144841310299419,1.41433116624933
